########################################
        Simulação de Relaxamento        
########################################

Beta: 0.01173
Gamma: 0.04007
Dias: 365
Número Máximo de Infectados: 17621
Dia Ocorrido: 95

Suscetíveis simulação: [89812, 89739, 89681, 89604, 89510, 89403, 89309, 89195, 89097, 88980, 88855, 88716, 88599, 88448, 88318, 88178, 88014, 87862, 87678, 87487, 87282, 87068, 86848, 86618, 86390, 86130, 85871, 85631, 85326, 85075, 84798, 84477, 84151, 83824, 83522, 83200, 82824, 82460, 82073, 81656, 81251, 80791, 80322, 79873, 79407, 78944, 78425, 77899, 77359, 76763, 76200, 75544, 74917, 74260, 73600, 72930, 72223, 71528, 70788, 70081, 69379, 68628, 67860, 67073, 66237, 65448, 64617, 63843, 63063, 62217, 61402, 60589, 59751, 58870, 57991, 57081, 56202, 55320, 54499, 53674, 52796, 51893, 51063, 50228, 49422, 48681, 47835, 47065, 46327, 45549, 44854, 44136, 43381, 42671, 41967, 41269, 40595, 39956, 39287, 38661, 38039, 37447, 36873, 36263, 35734, 35170, 34616, 34075, 33556, 33059, 32570, 32107, 31686, 31245, 30837, 30435, 30041, 29676, 29312, 28973, 28645, 28303, 27967, 27652, 27355, 27056, 26754, 26475, 26214, 25913, 25681, 25434, 25179, 24964, 24737, 24500, 24295, 24084, 23896, 23700, 23546, 23345, 23174, 23006, 22820, 22629, 22481, 22329, 22161, 22030, 21896, 21762, 21637, 21520, 21414, 21286, 21183, 21076, 20971, 20897, 20813, 20732, 20651, 20552, 20482, 20396, 20316, 20234, 20150, 20076, 19993, 19928, 19869, 19814, 19744, 19681, 19616, 19553, 19513, 19460, 19413, 19364, 19306, 19268, 19225, 19187, 19141, 19104, 19076, 19040, 19009, 18969, 18948, 18913, 18879, 18853, 18827, 18806, 18779, 18749, 18712, 18689, 18662, 18637, 18615, 18587, 18562, 18545, 18526, 18508, 18490, 18461, 18445, 18426, 18401, 18383, 18367, 18354, 18341, 18326, 18310, 18296, 18286, 18271, 18245, 18234, 18220, 18210, 18196, 18189, 18184, 18172, 18161, 18155, 18144, 18132, 18120, 18109, 18098, 18090, 18085, 18080, 18074, 18064, 18060, 18052, 18045, 18040, 18033, 18029, 18024, 18020, 18017, 18011, 18006, 17999, 17996, 17987, 17986, 17983, 17977, 17973, 17970, 17970, 17969, 17966, 17963, 17961, 17960, 17956, 17951, 17947, 17945, 17943, 17941, 17939, 17935, 17934, 17934, 17933, 17932, 17929, 17926, 17923, 17919, 17918, 17916, 17913, 17910, 17908, 17906, 17904, 17902, 17901, 17899, 17897, 17897, 17896, 17892, 17889, 17887, 17886, 17884, 17884, 17883, 17883, 17882, 17881, 17879, 17877, 17875, 17874, 17874, 17874, 17873, 17870, 17869, 17869, 17868, 17866, 17865, 17865, 17864, 17863, 17863, 17863, 17863, 17863, 17862, 17862, 17862, 17862, 17862, 17862, 17861, 17861, 17861, 17859, 17859, 17859, 17859, 17859, 17858, 17857, 17857, 17856, 17855, 17855, 17855, 17855, 17855, 17855, 17855, 17855, 17855, 17855, 17854, 17854, 17853, 17853, 17853, 17852, 17852, 17852, 17852]

Infectados simulação: [685, 733, 764, 814, 885, 948, 1006, 1085, 1155, 1230, 1292, 1371, 1438, 1521, 1598, 1670, 1773, 1861, 1976, 2088, 2207, 2322, 2431, 2562, 2700, 2846, 2981, 3112, 3306, 3411, 3572, 3763, 3924, 4104, 4244, 4388, 4576, 4757, 4940, 5157, 5354, 5592, 5859, 6097, 6307, 6493, 6734, 7013, 7268, 7560, 7822, 8171, 8483, 8801, 9160, 9464, 9799, 10112, 10464, 10739, 11054, 11353, 11658, 11985, 12345, 12662, 13002, 13274, 13525, 13816, 14045, 14265, 14571, 14853, 15153, 15430, 15674, 15900, 16098, 16222, 16483, 16749, 16902, 17042, 17178, 17182, 17326, 17396, 17480, 17538, 17540, 17567, 17608, 17620, 17621, 17613, 17548, 17482, 17470, 17423, 17382, 17296, 17148, 17052, 16912, 16787, 16671, 16508, 16283, 16117, 15917, 15772, 15550, 15402, 15205, 14948, 14721, 14462, 14280, 14039, 13757, 13551, 13349, 13153, 12920, 12702, 12534, 12352, 12136, 11968, 11688, 11457, 11262, 10995, 10753, 10572, 10374, 10141, 9892, 9676, 9446, 9263, 9053, 8832, 8677, 8511, 8311, 8120, 7966, 7778, 7587, 7437, 7249, 7067, 6901, 6752, 6573, 6429, 6253, 6077, 5913, 5763, 5572, 5452, 5337, 5207, 5078, 4949, 4855, 4753, 4655, 4532, 4432, 4327, 4206, 4111, 4004, 3911, 3790, 3683, 3585, 3507, 3426, 3318, 3240, 3146, 3064, 2982, 2887, 2798, 2703, 2637, 2549, 2474, 2416, 2352, 2287, 2207, 2144, 2098, 2059, 2016, 1959, 1908, 1849, 1799, 1766, 1709, 1655, 1603, 1560, 1526, 1483, 1432, 1398, 1358, 1312, 1259, 1225, 1193, 1169, 1127, 1096, 1070, 1045, 1001, 972, 947, 917, 887, 851, 838, 815, 797, 777, 756, 750, 727, 707, 680, 655, 632, 616, 605, 592, 573, 564, 550, 529, 513, 500, 495, 486, 473, 460, 442, 441, 428, 408, 390, 383, 378, 364, 350, 338, 319, 307, 297, 285, 279, 274, 269, 268, 256, 246, 239, 230, 223, 214, 204, 199, 190, 184, 178, 169, 166, 161, 159, 160, 152, 150, 149, 144, 137, 133, 132, 129, 128, 128, 126, 121, 116, 113, 109, 108, 106, 98, 95, 90, 89, 89, 87, 85, 82, 80, 79, 79, 73, 70, 71, 70, 67, 62, 60, 56, 54, 54, 51, 49, 45, 42, 40, 39, 36, 37, 37, 32, 33, 32, 30, 30, 28, 28, 29, 28, 29, 28, 28, 27, 25, 25, 25, 25, 23, 23, 21, 19, 19, 19, 18, 18, 19, 18, 17, 17]

Recuperados simulação: [0, 25, 52, 79, 102, 146, 182, 217, 245, 287, 350, 410, 460, 528, 581, 649, 710, 774, 843, 922, 1008, 1107, 1218, 1317, 1407, 1521, 1645, 1754, 1865, 2011, 2127, 2257, 2422, 2569, 2731, 2909, 3097, 3280, 3484, 3684, 3892, 4114, 4316, 4527, 4783, 5060, 5338, 5585, 5870, 6174, 6475, 6782, 7097, 7436, 7737, 8103, 8475, 8857, 9245, 9677, 10064, 10516, 10979, 11439, 11915, 12387, 12878, 13380, 13909, 14464, 15050, 15643, 16175, 16774, 17353, 17986, 18621, 19277, 19900, 20601, 21218, 21855, 22532, 23227, 23897, 24634, 25336, 26036, 26690, 27410, 28103, 28794, 29508, 30206, 30909, 31615, 32354, 33059, 33740, 34413, 35076, 35754, 36476, 37182, 37851, 38540, 39210, 39914, 40658, 41321, 42010, 42618, 43261, 43850, 44455, 45114, 45735, 46359, 46905, 47485, 48095, 48643, 49181, 49692, 50222, 50739, 51209, 51670, 52147, 52616, 53128, 53606, 54056, 54538, 55007, 55425, 55828, 56272, 56709, 57121, 57505, 57889, 58270, 58659, 59000, 59357, 59705, 60048, 60370, 60689, 61014, 61298, 61611, 61910, 62182, 62459, 62741, 62992, 63273, 63523, 63771, 64002, 64274, 64493, 64678, 64894, 65103, 65314, 65492, 65668, 65849, 66037, 66196, 66356, 66547, 66705, 66877, 67033, 67194, 67354, 67499, 67626, 67765, 67911, 68032, 68164, 68292, 68411, 68534, 68659, 68785, 68891, 69000, 69110, 69202, 69292, 69383, 69484, 69574, 69650, 69726, 69792, 69876, 69952, 70033, 70111, 70169, 70243, 70316, 70386, 70447, 70510, 70569, 70639, 70698, 70756, 70818, 70884, 70931, 70978, 71018, 71074, 71115, 71156, 71207, 71262, 71305, 71340, 71384, 71421, 71462, 71487, 71521, 71545, 71576, 71609, 71627, 71661, 71692, 71727, 71757, 71785, 71807, 71828, 71845, 71872, 71888, 71907, 71935, 71955, 71973, 71982, 71994, 72013, 72031, 72056, 72060, 72082, 72103, 72124, 72137, 72146, 72163, 72177, 72190, 72212, 72227, 72239, 72252, 72262, 72272, 72281, 72284, 72298, 72310, 72319, 72332, 72340, 72349, 72360, 72366, 72378, 72387, 72396, 72409, 72413, 72420, 72425, 72427, 72437, 72441, 72444, 72451, 72459, 72465, 72468, 72471, 72473, 72477, 72482, 72489, 72495, 72500, 72504, 72506, 72508, 72517, 72521, 72528, 72531, 72533, 72536, 72538, 72541, 72544, 72548, 72549, 72555, 72559, 72560, 72562, 72565, 72571, 72574, 72578, 72580, 72580, 72583, 72586, 72590, 72593, 72595, 72596, 72599, 72599, 72599, 72604, 72605, 72606, 72608, 72608, 72610, 72611, 72611, 72612, 72612, 72614, 72614, 72615, 72617, 72617, 72617, 72617, 72619, 72619, 72621, 72624, 72624, 72625, 72626, 72626, 72626, 72627, 72628, 72628]

