########################################
            Configuração AG
########################################

Tamanho População: 20
Número de Gerações: 300
Bits Cromossomo: 10
Dias: 41
Taxa de Mutação: 0.05
Quantidade de nós: 90497
Nós infectados: [71651, 67271, 37888, 22298, 15603, 83396, 49265, 87897, 7174, 13180, 58480, 70113, 35078, 78684, 11213, 7875, 40176, 18795, 66232, 65806, 16578, 64531, 66174, 8177, 47455, 18460, 39854, 38424, 87126, 36937, 10261, 83303, 82608, 31248, 810, 59478, 62586, 70957, 60656, 88797, 83905, 88441, 9127, 70354, 44146, 76101, 59551, 23366, 18483, 20945, 42467, 45731, 77308, 87997, 36166, 51381, 41921, 45659, 11687, 83816, 78338, 44701, 16846, 77399, 12119, 68300, 31828, 71080, 90489, 77730, 19840, 7754, 61354, 4008, 88125, 9814, 85092, 1692, 8920, 60970, 29583, 25204, 6800, 46714, 77455, 52010, 67089, 36292, 90139, 15169, 73205, 57963, 1836, 4340, 57737, 82086, 53760, 49609, 9373, 62215, 79748, 56935, 51055, 3103, 17946, 78237, 71142, 1564, 51156, 60666, 32919, 7481, 9506, 53210, 27708, 51751, 69772, 26999, 58378, 78181, 33684, 54145, 5522, 27265, 9607, 79837, 79808, 84306, 3173, 7821, 48136, 84758, 34837, 80789, 65924, 84848, 89497, 76851, 87282, 7081, 72226, 64601, 63881, 50072, 34365, 85691, 79497, 82927, 66962, 71268, 39957, 81926, 24498, 76607, 3799, 18453, 25371, 32256, 68799, 28433, 37672, 41892, 15443, 19055, 31208, 58914, 5052, 38081, 74903, 48874, 14189, 56666, 32777, 11604, 49698, 86017, 3038, 13162, 65400, 87440, 29060, 5772, 38723, 48061, 77696, 84637, 45529, 14888, 44939, 56204, 42441, 39133, 58107, 6759, 4636, 84462, 11233, 51227, 38817, 77456, 58556, 5155, 43617, 61663, 62761, 48632, 18106, 56037, 77494, 60787, 8652, 65674, 89908, 68025, 38915, 86848, 61691, 36985, 1001, 6774, 76012, 83200, 52843, 79443, 44923, 36352, 25593, 86520, 18329, 21817, 38630, 42535, 64809, 80051, 62287, 42435, 52126, 2588, 85352, 88844, 33834, 25421, 52840, 21337, 72673, 88471, 2811, 12401, 16127, 5730, 3720, 37066, 64858, 56608, 69105, 40978, 56548, 7861, 40894, 38953, 11732, 50348, 999, 10881, 58747, 57314, 12535, 57363, 28560, 28129, 88317, 79312, 30602, 40561, 26159, 42647, 38845, 8169, 23718, 88268, 17703, 61721, 52622, 8416, 84830, 62380, 40853, 74741, 19636, 88899, 74599, 72711, 13469, 69498, 19919, 30930, 21106, 34149, 81257, 60353, 14056, 49601, 14444, 50263, 291, 14606, 63384, 88875, 51690, 72377, 77633, 20428, 72183, 22705, 1242, 9405, 78877, 17803, 60069, 71893, 1182, 86795, 30683, 84801]
Probabilidae de criação de aresta: 7e-05
Nome do arquivo de amostra: dados_sjdr_12_03_2021__22_04_2021.csv
Grau médio dos nós: 6.342972695227466

########################################
     Evolução da solução encontrada
########################################

Geração: 1
Beta : 0.12512219
Gamma: 0.91202346
Avaliação Beta: 305397.63415
Avaliação Gamma: 1176967.56098
NOTA: 1.3492
Número Básico de Reprodução (R0): 0.13719185469198347
Sucetiveis Simulação: [87160, 86933, 86745, 86578, 86439, 86326, 86237, 86171, 86114, 86069, 86028, 85996, 85971, 85949, 85941, 85931, 85919, 85911, 85903, 85899, 85897, 85896, 85894, 85893, 85893, 85893, 85893, 85893, 85893, 85893, 85893, 85893, 85893, 85893, 85893, 85893, 85893, 85893, 85893, 85893, 85893]
Infectados Simulação: [324, 254, 205, 185, 157, 128, 97, 83, 66, 50, 44, 36, 30, 22, 9, 10, 12, 9, 10, 4, 2, 1, 2, 1, 0, 0, 0, 0, 0, 0, 0, 0, 0, 0, 0, 0, 0, 0, 0, 0, 0]
Recuperados Simulação: [3013, 3310, 3547, 3734, 3901, 4043, 4163, 4243, 4317, 4378, 4425, 4465, 4496, 4526, 4547, 4556, 4566, 4577, 4584, 4594, 4598, 4600, 4601, 4603, 4604, 4604, 4604, 4604, 4604, 4604, 4604, 4604, 4604, 4604, 4604, 4604, 4604, 4604, 4604, 4604, 4604]

Geração: 2
Beta : 0.12512219
Gamma: 0.91202346
Avaliação Beta: 308635.36585
Avaliação Gamma: 734580.17073
NOTA: 1.91715
Número Básico de Reprodução (R0): 0.13719185469198347
Sucetiveis Simulação: [87160, 86959, 86801, 86688, 86582, 86508, 86449, 86400, 86337, 86290, 86257, 86232, 86208, 86197, 86189, 86183, 86180, 86177, 86172, 86169, 86166, 86162, 86160, 86158, 86157, 86156, 86156, 86156, 86156, 86156, 86156, 86156, 86156, 86156, 86156, 86156, 86156, 86156, 86156, 86156, 86156]
Infectados Simulação: [324, 226, 178, 131, 120, 81, 64, 55, 68, 57, 36, 29, 27, 15, 10, 7, 3, 3, 5, 4, 3, 4, 3, 3, 1, 1, 0, 0, 0, 0, 0, 0, 0, 0, 0, 0, 0, 0, 0, 0, 0]
Recuperados Simulação: [3013, 3312, 3518, 3678, 3795, 3908, 3984, 4042, 4092, 4150, 4204, 4236, 4262, 4285, 4298, 4307, 4314, 4317, 4320, 4324, 4328, 4331, 4334, 4336, 4339, 4340, 4341, 4341, 4341, 4341, 4341, 4341, 4341, 4341, 4341, 4341, 4341, 4341, 4341, 4341, 4341]

Geração: 3
Beta : 0.0
Gamma: 0.92766373
Avaliação Beta: 325171.85366
Avaliação Gamma: 67113.02439
NOTA: 5.09834
Número Básico de Reprodução (R0): 0.0
Sucetiveis Simulação: [87160, 87160, 87160, 87160, 87160, 87160, 87160, 87160, 87160, 87160, 87160, 87160, 87160, 87160, 87160, 87160, 87160, 87160, 87160, 87160, 87160, 87160, 87160, 87160, 87160, 87160, 87160, 87160, 87160, 87160, 87160, 87160, 87160, 87160, 87160, 87160, 87160, 87160, 87160, 87160, 87160]
Infectados Simulação: [324, 26, 2, 0, 0, 0, 0, 0, 0, 0, 0, 0, 0, 0, 0, 0, 0, 0, 0, 0, 0, 0, 0, 0, 0, 0, 0, 0, 0, 0, 0, 0, 0, 0, 0, 0, 0, 0, 0, 0, 0]
Recuperados Simulação: [3013, 3311, 3335, 3337, 3337, 3337, 3337, 3337, 3337, 3337, 3337, 3337, 3337, 3337, 3337, 3337, 3337, 3337, 3337, 3337, 3337, 3337, 3337, 3337, 3337, 3337, 3337, 3337, 3337, 3337, 3337, 3337, 3337, 3337, 3337, 3337, 3337, 3337, 3337, 3337, 3337]

Geração: 4
Beta : 0.00293255
Gamma: 0.91397849
Avaliação Beta: 325028.43902
Avaliação Gamma: 66643.7561
NOTA: 5.10631
Número Básico de Reprodução (R0): 0.003208554722113865
Sucetiveis Simulação: [87160, 87155, 87155, 87155, 87155, 87155, 87155, 87155, 87155, 87155, 87155, 87155, 87155, 87155, 87155, 87155, 87155, 87155, 87155, 87155, 87155, 87155, 87155, 87155, 87155, 87155, 87155, 87155, 87155, 87155, 87155, 87155, 87155, 87155, 87155, 87155, 87155, 87155, 87155, 87155, 87155]
Infectados Simulação: [324, 36, 2, 0, 0, 0, 0, 0, 0, 0, 0, 0, 0, 0, 0, 0, 0, 0, 0, 0, 0, 0, 0, 0, 0, 0, 0, 0, 0, 0, 0, 0, 0, 0, 0, 0, 0, 0, 0, 0, 0]
Recuperados Simulação: [3013, 3306, 3340, 3342, 3342, 3342, 3342, 3342, 3342, 3342, 3342, 3342, 3342, 3342, 3342, 3342, 3342, 3342, 3342, 3342, 3342, 3342, 3342, 3342, 3342, 3342, 3342, 3342, 3342, 3342, 3342, 3342, 3342, 3342, 3342, 3342, 3342, 3342, 3342, 3342, 3342]

Geração: 5
Beta : 0.00293255
Gamma: 0.17595308
Avaliação Beta: 298013.12195
Avaliação Gamma: 47950.7561
NOTA: 5.78095
Número Básico de Reprodução (R0): 0.016666659088888924
Sucetiveis Simulação: [87160, 87153, 87149, 87146, 87141, 87141, 87140, 87138, 87132, 87131, 87130, 87130, 87130, 87128, 87127, 87127, 87126, 87126, 87126, 87125, 87125, 87125, 87125, 87125, 87125, 87125, 87125, 87125, 87125, 87125, 87125, 87125, 87125, 87125, 87125, 87125, 87125, 87125, 87125, 87125, 87125]
Infectados Simulação: [324, 273, 236, 207, 179, 148, 126, 109, 95, 77, 60, 52, 43, 37, 29, 27, 24, 20, 15, 13, 10, 8, 7, 6, 5, 5, 5, 4, 3, 3, 2, 1, 1, 1, 1, 1, 1, 1, 1, 1, 1]
Recuperados Simulação: [3013, 3071, 3112, 3144, 3177, 3208, 3231, 3250, 3270, 3289, 3307, 3315, 3324, 3332, 3341, 3343, 3347, 3351, 3356, 3359, 3362, 3364, 3365, 3366, 3367, 3367, 3367, 3368, 3369, 3369, 3370, 3371, 3371, 3371, 3371, 3371, 3371, 3371, 3371, 3371, 3371]

Geração: 6
Beta : 0.00293255
Gamma: 0.17595308
Avaliação Beta: 296045.46341
Avaliação Gamma: 47778.34146
NOTA: 5.81693
Número Básico de Reprodução (R0): 0.016666659088888924
Sucetiveis Simulação: [87160, 87159, 87157, 87154, 87150, 87147, 87143, 87141, 87138, 87138, 87137, 87136, 87134, 87132, 87132, 87132, 87131, 87130, 87129, 87129, 87129, 87129, 87128, 87128, 87128, 87128, 87127, 87127, 87127, 87126, 87126, 87125, 87124, 87123, 87122, 87122, 87122, 87122, 87122, 87122, 87122]
Infectados Simulação: [324, 269, 226, 197, 165, 135, 121, 102, 87, 72, 60, 51, 46, 39, 31, 28, 25, 21, 21, 17, 15, 12, 11, 10, 10, 8, 8, 7, 6, 6, 5, 6, 6, 6, 6, 4, 3, 3, 2, 2, 1]
Recuperados Simulação: [3013, 3069, 3114, 3146, 3182, 3215, 3233, 3254, 3272, 3287, 3300, 3310, 3317, 3326, 3334, 3337, 3341, 3346, 3347, 3351, 3353, 3356, 3358, 3359, 3359, 3361, 3362, 3363, 3364, 3365, 3366, 3366, 3367, 3368, 3369, 3371, 3372, 3372, 3373, 3373, 3374]

Geração: 7
Beta : 0.00977517
Gamma: 0.18377322
Avaliação Beta: 291034.14634
Avaliação Gamma: 39481.97561
NOTA: 6.05114
Número Básico de Reprodução (R0): 0.05319148241512012
Sucetiveis Simulação: [87160, 87141, 87121, 87108, 87098, 87087, 87074, 87066, 87058, 87055, 87047, 87043, 87040, 87040, 87036, 87032, 87031, 87027, 87026, 87025, 87024, 87024, 87024, 87023, 87022, 87022, 87022, 87022, 87021, 87020, 87020, 87020, 87020, 87020, 87020, 87020, 87020, 87020, 87020, 87020, 87020]
Infectados Simulação: [324, 289, 258, 224, 193, 157, 136, 126, 111, 97, 80, 72, 65, 53, 44, 41, 36, 35, 29, 25, 20, 18, 17, 15, 11, 9, 8, 6, 7, 7, 6, 3, 2, 2, 2, 2, 1, 1, 1, 1, 0]
Recuperados Simulação: [3013, 3067, 3118, 3165, 3206, 3253, 3287, 3305, 3328, 3345, 3370, 3382, 3392, 3404, 3417, 3424, 3430, 3435, 3442, 3447, 3453, 3455, 3456, 3459, 3464, 3466, 3467, 3469, 3469, 3470, 3471, 3474, 3475, 3475, 3475, 3475, 3476, 3476, 3476, 3476, 3477]

Geração: 8
Beta : 0.01075269
Gamma: 0.16129032
Avaliação Beta: 281570.97561
Avaliação Gamma: 35939.14634
NOTA: 6.29901
Número Básico de Reprodução (R0): 0.06666667906666687
Sucetiveis Simulação: [87160, 87139, 87120, 87100, 87087, 87069, 87055, 87043, 87036, 87028, 87018, 87011, 87008, 87006, 87003, 86996, 86990, 86988, 86987, 86986, 86985, 86984, 86983, 86980, 86979, 86979, 86977, 86976, 86976, 86974, 86974, 86973, 86973, 86973, 86973, 86973, 86973, 86973, 86973, 86973, 86973]
Infectados Simulação: [324, 288, 261, 237, 220, 201, 176, 165, 142, 132, 121, 104, 83, 71, 65, 59, 51, 41, 33, 30, 27, 25, 25, 23, 21, 17, 15, 15, 12, 11, 10, 10, 7, 7, 5, 4, 4, 4, 3, 3, 2]
Recuperados Simulação: [3013, 3070, 3116, 3160, 3190, 3227, 3266, 3289, 3319, 3337, 3358, 3382, 3406, 3420, 3429, 3442, 3456, 3468, 3477, 3481, 3485, 3488, 3489, 3494, 3497, 3501, 3505, 3506, 3509, 3512, 3513, 3514, 3517, 3517, 3519, 3520, 3520, 3520, 3521, 3521, 3522]

Geração: 9
Beta : 0.01075269
Gamma: 0.16129032
Avaliação Beta: 277228.60976
Avaliação Gamma: 33625.19512
NOTA: 6.43389
Número Básico de Reprodução (R0): 0.06666667906666687
Sucetiveis Simulação: [87160, 87144, 87123, 87105, 87092, 87077, 87065, 87052, 87041, 87033, 87021, 87016, 87011, 87009, 87002, 86997, 86992, 86987, 86984, 86980, 86978, 86974, 86970, 86968, 86967, 86965, 86963, 86962, 86962, 86962, 86962, 86961, 86960, 86959, 86957, 86956, 86956, 86956, 86955, 86955, 86953]
Infectados Simulação: [324, 299, 271, 243, 211, 186, 164, 150, 137, 118, 115, 100, 92, 80, 76, 71, 62, 60, 53, 42, 37, 38, 34, 30, 21, 21, 18, 18, 16, 16, 11, 12, 12, 10, 8, 8, 7, 6, 6, 6, 6]
Recuperados Simulação: [3013, 3054, 3103, 3149, 3194, 3234, 3268, 3295, 3319, 3346, 3361, 3381, 3394, 3408, 3419, 3429, 3443, 3450, 3460, 3475, 3482, 3485, 3493, 3499, 3509, 3511, 3516, 3517, 3519, 3519, 3524, 3524, 3525, 3528, 3532, 3533, 3534, 3535, 3536, 3536, 3538]

Geração: 10
Beta : 0.01075269
Gamma: 0.15347019
Avaliação Beta: 270582.63415
Avaliação Gamma: 31032.53659
NOTA: 6.63097
Número Básico de Reprodução (R0): 0.07006370422816313
Sucetiveis Simulação: [87160, 87139, 87122, 87105, 87092, 87078, 87060, 87044, 87029, 87012, 87002, 86995, 86989, 86980, 86973, 86965, 86956, 86950, 86947, 86945, 86945, 86945, 86943, 86942, 86939, 86937, 86933, 86931, 86928, 86928, 86925, 86925, 86925, 86924, 86922, 86922, 86919, 86919, 86919, 86918, 86918]
Infectados Simulação: [324, 300, 276, 255, 230, 215, 204, 193, 180, 165, 156, 126, 113, 105, 96, 89, 90, 80, 65, 48, 40, 29, 25, 24, 25, 23, 20, 20, 18, 15, 17, 15, 15, 15, 13, 9, 9, 5, 3, 3, 3]
Recuperados Simulação: [3013, 3058, 3099, 3137, 3175, 3204, 3233, 3260, 3288, 3320, 3339, 3376, 3395, 3412, 3428, 3443, 3451, 3467, 3485, 3504, 3512, 3523, 3529, 3531, 3533, 3537, 3544, 3546, 3551, 3554, 3555, 3557, 3557, 3558, 3562, 3566, 3569, 3573, 3575, 3576, 3576]

Geração: 14
Beta : 0.00977517
Gamma: 0.14760508
Avaliação Beta: 266176.36585
Avaliação Gamma: 30058.46341
NOTA: 6.7514
Número Básico de Reprodução (R0): 0.06622515973027486
Sucetiveis Simulação: [87160, 87134, 87118, 87104, 87092, 87075, 87057, 87046, 87038, 87030, 87022, 87012, 87007, 87000, 86993, 86988, 86986, 86976, 86972, 86969, 86960, 86955, 86953, 86948, 86945, 86943, 86942, 86942, 86940, 86935, 86933, 86933, 86933, 86933, 86933, 86933, 86931, 86931, 86930, 86928, 86928]
Infectados Simulação: [324, 294, 265, 241, 217, 202, 187, 170, 154, 144, 126, 118, 109, 100, 92, 87, 78, 71, 65, 60, 62, 57, 52, 46, 42, 34, 31, 29, 24, 25, 26, 20, 19, 16, 15, 12, 12, 11, 11, 10, 9]
Recuperados Simulação: [3013, 3069, 3114, 3152, 3188, 3220, 3253, 3281, 3305, 3323, 3349, 3367, 3381, 3397, 3412, 3422, 3433, 3450, 3460, 3468, 3475, 3485, 3492, 3503, 3510, 3520, 3524, 3526, 3533, 3537, 3538, 3544, 3545, 3548, 3549, 3552, 3554, 3555, 3556, 3559, 3560]

Geração: 16
Beta : 0.00977517
Gamma: 0.02052786
Avaliação Beta: 40844.09756
Avaliação Gamma: 30381.07317
NOTA: 28.07996
Número Básico de Reprodução (R0): 0.47619040659864204
Sucetiveis Simulação: [87160, 87139, 87124, 87096, 87074, 87055, 87031, 87009, 86987, 86961, 86936, 86913, 86891, 86866, 86830, 86805, 86772, 86732, 86701, 86675, 86652, 86614, 86584, 86542, 86505, 86472, 86426, 86382, 86348, 86303, 86256, 86203, 86160, 86099, 86054, 86003, 85949, 85893, 85844, 85787, 85719]
Infectados Simulação: [324, 342, 352, 375, 385, 391, 409, 420, 434, 450, 463, 476, 491, 513, 538, 547, 568, 598, 616, 628, 638, 667, 686, 715, 734, 751, 782, 815, 832, 863, 894, 929, 957, 1001, 1025, 1059, 1096, 1126, 1156, 1186, 1230]
Recuperados Simulação: [3013, 3016, 3021, 3026, 3038, 3051, 3057, 3068, 3076, 3086, 3098, 3108, 3115, 3118, 3129, 3145, 3157, 3167, 3180, 3194, 3207, 3216, 3227, 3240, 3258, 3274, 3289, 3300, 3317, 3331, 3347, 3365, 3380, 3397, 3418, 3435, 3452, 3478, 3497, 3524, 3548]

Geração: 17
Beta : 0.01466276
Gamma: 0.05083089
Avaliação Beta: 3161.2439
Avaliação Gamma: 27758.46341
NOTA: 64.68367
Número Básico de Reprodução (R0): 0.2884616027773663
Sucetiveis Simulação: [87160, 87132, 87103, 87075, 87045, 87017, 86986, 86951, 86921, 86895, 86855, 86812, 86780, 86743, 86698, 86666, 86625, 86587, 86547, 86513, 86473, 86441, 86408, 86357, 86313, 86269, 86230, 86184, 86131, 86087, 86039, 85992, 85936, 85883, 85829, 85773, 85712, 85653, 85569, 85508, 85444]
Infectados Simulação: [324, 336, 346, 348, 357, 361, 377, 396, 406, 412, 432, 449, 449, 467, 491, 494, 506, 525, 534, 540, 553, 559, 562, 586, 600, 618, 629, 643, 668, 673, 683, 699, 718, 727, 744, 762, 777, 802, 848, 854, 870]
Recuperados Simulação: [3013, 3029, 3048, 3074, 3095, 3119, 3134, 3150, 3170, 3190, 3210, 3236, 3268, 3287, 3308, 3337, 3366, 3385, 3416, 3444, 3471, 3497, 3527, 3554, 3584, 3610, 3638, 3670, 3698, 3737, 3775, 3806, 3843, 3887, 3924, 3962, 4008, 4042, 4080, 4135, 4183]

Geração: 18
Beta : 0.01368524
Gamma: 0.04203324
Avaliação Beta: 6778.26829
Avaliação Gamma: 10670.92683
NOTA: 114.61847
Número Básico de Reprodução (R0): 0.325581373217958
Sucetiveis Simulação: [87160, 87127, 87103, 87065, 87045, 87010, 86983, 86949, 86916, 86886, 86854, 86814, 86785, 86751, 86716, 86685, 86638, 86600, 86564, 86530, 86494, 86452, 86408, 86367, 86324, 86275, 86236, 86188, 86149, 86112, 86071, 86017, 85966, 85920, 85859, 85805, 85741, 85684, 85636, 85568, 85506]
Infectados Simulação: [324, 346, 354, 377, 382, 400, 410, 427, 439, 448, 463, 477, 483, 493, 514, 517, 545, 555, 564, 567, 578, 593, 613, 626, 643, 666, 679, 702, 721, 728, 732, 751, 766, 791, 823, 841, 864, 878, 887, 918, 946]
Recuperados Simulação: [3013, 3024, 3040, 3055, 3070, 3087, 3104, 3121, 3142, 3163, 3180, 3206, 3229, 3253, 3267, 3295, 3314, 3342, 3369, 3400, 3425, 3452, 3476, 3504, 3530, 3556, 3582, 3607, 3627, 3657, 3694, 3729, 3765, 3786, 3815, 3851, 3892, 3935, 3974, 4011, 4045]

Geração: 19
Beta : 0.01075269
Gamma: 0.04301075
Avaliação Beta: 3803.5122
Avaliação Gamma: 1631.31707
NOTA: 367.99684
Número Básico de Reprodução (R0): 0.25000005812500364
Sucetiveis Simulação: [87160, 87142, 87119, 87096, 87073, 87046, 87017, 86990, 86959, 86935, 86908, 86875, 86850, 86820, 86787, 86751, 86721, 86698, 86673, 86648, 86616, 86583, 86557, 86524, 86494, 86460, 86420, 86385, 86351, 86322, 86299, 86267, 86235, 86197, 86155, 86115, 86083, 86038, 86004, 85968, 85931]
Infectados Simulação: [324, 332, 345, 352, 361, 373, 389, 401, 416, 427, 434, 439, 445, 457, 475, 493, 505, 509, 504, 509, 516, 531, 535, 538, 546, 550, 564, 584, 600, 600, 595, 601, 613, 623, 637, 654, 660, 685, 679, 685, 694]
Recuperados Simulação: [3013, 3023, 3033, 3049, 3063, 3078, 3091, 3106, 3122, 3135, 3155, 3183, 3202, 3220, 3235, 3253, 3271, 3290, 3320, 3340, 3365, 3383, 3405, 3435, 3457, 3487, 3513, 3528, 3546, 3575, 3603, 3629, 3649, 3677, 3705, 3728, 3754, 3774, 3814, 3844, 3872]

Geração: 21
Beta : 0.01173021
Gamma: 0.04398827
Avaliação Beta: 1020.41463
Avaliação Gamma: 2228.97561
NOTA: 615.50009
Número Básico de Reprodução (R0): 0.26666677275555506
Sucetiveis Simulação: [87160, 87140, 87116, 87081, 87067, 87042, 87014, 86992, 86965, 86935, 86905, 86875, 86842, 86810, 86787, 86754, 86722, 86690, 86655, 86617, 86586, 86544, 86510, 86474, 86426, 86385, 86344, 86297, 86269, 86234, 86202, 86150, 86111, 86070, 86032, 85986, 85938, 85907, 85875, 85824, 85762]
Infectados Simulação: [324, 329, 337, 360, 360, 377, 388, 395, 408, 417, 432, 440, 458, 475, 483, 492, 503, 509, 523, 541, 562, 581, 595, 605, 629, 640, 653, 674, 663, 657, 661, 683, 694, 703, 714, 726, 742, 742, 745, 764, 785]
Recuperados Simulação: [3013, 3028, 3044, 3056, 3070, 3078, 3095, 3110, 3124, 3145, 3160, 3182, 3197, 3212, 3227, 3251, 3272, 3298, 3319, 3339, 3349, 3372, 3392, 3418, 3442, 3472, 3500, 3526, 3565, 3606, 3634, 3664, 3692, 3724, 3751, 3785, 3817, 3848, 3877, 3909, 3950]

Geração: 22
Beta : 0.01173021
Gamma: 0.03812317
Avaliação Beta: 1338.34146
Avaliação Gamma: 875.60976
NOTA: 903.36227
Número Básico de Reprodução (R0): 0.3076924085798741
Sucetiveis Simulação: [87160, 87142, 87123, 87104, 87078, 87048, 87026, 86996, 86969, 86940, 86915, 86889, 86856, 86832, 86809, 86773, 86740, 86718, 86693, 86656, 86620, 86581, 86546, 86502, 86472, 86448, 86424, 86388, 86348, 86309, 86268, 86233, 86195, 86162, 86124, 86086, 86038, 86001, 85956, 85919, 85873]
Infectados Simulação: [324, 330, 335, 340, 355, 366, 369, 387, 398, 415, 425, 433, 453, 459, 459, 480, 492, 489, 499, 516, 531, 555, 576, 598, 602, 606, 617, 619, 641, 658, 671, 680, 683, 679, 694, 703, 718, 724, 738, 747, 766]
Recuperados Simulação: [3013, 3025, 3039, 3053, 3064, 3083, 3102, 3114, 3130, 3142, 3157, 3175, 3188, 3206, 3229, 3244, 3265, 3290, 3305, 3325, 3346, 3361, 3375, 3397, 3423, 3443, 3456, 3490, 3508, 3530, 3558, 3584, 3619, 3656, 3679, 3708, 3741, 3772, 3803, 3831, 3858]

Geração: 60
Beta : 0.01173021
Gamma: 0.0400782
Avaliação Beta: 1462.19512
Avaliação Gamma: 705.56098
NOTA: 922.61302
Número Básico de Reprodução (R0): 0.2926830546282018
Sucetiveis Simulação: [87160, 87141, 87121, 87099, 87071, 87053, 87032, 87008, 86977, 86954, 86926, 86900, 86869, 86844, 86816, 86784, 86748, 86714, 86683, 86652, 86610, 86576, 86543, 86515, 86486, 86452, 86411, 86379, 86342, 86301, 86256, 86224, 86191, 86154, 86124, 86079, 86035, 85988, 85941, 85898, 85853]
Infectados Simulação: [324, 333, 340, 346, 361, 368, 381, 390, 408, 414, 427, 441, 458, 466, 477, 491, 502, 517, 536, 537, 556, 575, 588, 600, 601, 604, 626, 630, 639, 655, 665, 674, 684, 696, 703, 716, 733, 743, 769, 782, 796]
Recuperados Simulação: [3013, 3023, 3036, 3052, 3065, 3076, 3084, 3099, 3112, 3129, 3144, 3156, 3170, 3187, 3204, 3222, 3247, 3266, 3278, 3308, 3331, 3346, 3366, 3382, 3410, 3441, 3460, 3488, 3516, 3541, 3576, 3599, 3622, 3647, 3670, 3702, 3729, 3766, 3787, 3817, 3848]

Geração: 62
Beta : 0.01173021
Gamma: 0.03910068
Avaliação Beta: 1097.02439
Avaliação Gamma: 1002.14634
NOTA: 952.75719
Número Básico de Reprodução (R0): 0.30000015345001674
Sucetiveis Simulação: [87160, 87137, 87102, 87079, 87065, 87037, 87010, 86987, 86957, 86932, 86905, 86874, 86853, 86819, 86789, 86757, 86736, 86708, 86671, 86635, 86603, 86560, 86526, 86494, 86456, 86424, 86398, 86355, 86311, 86275, 86235, 86196, 86170, 86134, 86100, 86067, 86034, 85999, 85960, 85922, 85880]
Infectados Simulação: [324, 338, 359, 364, 366, 377, 386, 397, 411, 421, 434, 453, 457, 468, 488, 508, 516, 524, 541, 556, 564, 584, 598, 599, 606, 613, 606, 624, 639, 646, 653, 666, 668, 674, 684, 682, 692, 711, 714, 734, 741]
Recuperados Simulação: [3013, 3022, 3036, 3054, 3066, 3083, 3101, 3113, 3129, 3144, 3158, 3170, 3187, 3210, 3220, 3232, 3245, 3265, 3285, 3306, 3330, 3353, 3373, 3404, 3435, 3460, 3493, 3518, 3547, 3576, 3609, 3635, 3659, 3689, 3713, 3748, 3771, 3787, 3823, 3841, 3876]

Geração: 152
Beta : 0.01173021
Gamma: 0.03910068
Avaliação Beta: 1148.12195
Avaliação Gamma: 512.36585
NOTA: 1204.46534
Número Básico de Reprodução (R0): 0.30000015345001674
Sucetiveis Simulação: [87160, 87143, 87118, 87095, 87078, 87050, 87026, 87000, 86964, 86952, 86929, 86900, 86867, 86841, 86810, 86789, 86764, 86721, 86694, 86661, 86613, 86580, 86542, 86505, 86467, 86435, 86397, 86363, 86327, 86290, 86255, 86220, 86184, 86137, 86097, 86061, 86020, 85983, 85936, 85889, 85853]
Infectados Simulação: [324, 334, 343, 350, 353, 366, 375, 388, 407, 404, 411, 427, 449, 460, 475, 485, 494, 523, 526, 539, 568, 570, 585, 603, 619, 626, 640, 648, 653, 649, 658, 662, 681, 704, 709, 715, 729, 740, 754, 766, 765]
Recuperados Simulação: [3013, 3020, 3036, 3052, 3066, 3081, 3096, 3109, 3126, 3141, 3157, 3170, 3181, 3196, 3212, 3223, 3239, 3253, 3277, 3297, 3316, 3347, 3370, 3389, 3411, 3436, 3460, 3486, 3517, 3558, 3584, 3615, 3632, 3656, 3691, 3721, 3748, 3774, 3807, 3842, 3879]


Melhor Solução Encontrada:
Geração: 152
Beta : 0.01173021
Gamma: 0.03910068
Avaliação Beta: 1148.12195
Avaliação Gamma: 512.36585
NOTA: 1204.46534
Sucetiveis Simulação: [87160, 87143, 87118, 87095, 87078, 87050, 87026, 87000, 86964, 86952, 86929, 86900, 86867, 86841, 86810, 86789, 86764, 86721, 86694, 86661, 86613, 86580, 86542, 86505, 86467, 86435, 86397, 86363, 86327, 86290, 86255, 86220, 86184, 86137, 86097, 86061, 86020, 85983, 85936, 85889, 85853]
Infectados Simulação: [324, 334, 343, 350, 353, 366, 375, 388, 407, 404, 411, 427, 449, 460, 475, 485, 494, 523, 526, 539, 568, 570, 585, 603, 619, 626, 640, 648, 653, 649, 658, 662, 681, 704, 709, 715, 729, 740, 754, 766, 765]
Recuperados Simulação: [3013, 3020, 3036, 3052, 3066, 3081, 3096, 3109, 3126, 3141, 3157, 3170, 3181, 3196, 3212, 3223, 3239, 3253, 3277, 3297, 3316, 3347, 3370, 3389, 3411, 3436, 3460, 3486, 3517, 3558, 3584, 3615, 3632, 3656, 3691, 3721, 3748, 3774, 3807, 3842, 3879]

Tempo de Execução: 27817.18804192543 segundos