########################################
   Simulação de Isolamento Horizontal   
########################################

Beta: 0.01173
Gamma: 0.04007
Dias: 365
Número Máximo de Infectados: 722
Dia Ocorrido: 8

Suscetíveis simulação: [89812, 89789, 89764, 89723, 89686, 89647, 89614, 89585, 89556, 89529, 89506, 89476, 89456, 89426, 89403, 89375, 89338, 89310, 89277, 89256, 89232, 89213, 89185, 89164, 89141, 89118, 89095, 89074, 89056, 89038, 89011, 88983, 88955, 88940, 88919, 88898, 88866, 88847, 88827, 88809, 88782, 88762, 88738, 88710, 88681, 88671, 88655, 88632, 88609, 88588, 88569, 88556, 88534, 88520, 88498, 88479, 88457, 88443, 88423, 88405, 88382, 88367, 88346, 88329, 88306, 88284, 88266, 88245, 88225, 88206, 88191, 88174, 88149, 88123, 88107, 88101, 88084, 88070, 88056, 88039, 88022, 88001, 87979, 87952, 87941, 87922, 87904, 87882, 87862, 87848, 87833, 87816, 87797, 87783, 87764, 87753, 87745, 87735, 87719, 87705, 87692, 87680, 87666, 87648, 87633, 87618, 87606, 87589, 87579, 87567, 87554, 87542, 87534, 87517, 87509, 87493, 87474, 87463, 87446, 87429, 87413, 87406, 87395, 87378, 87363, 87350, 87342, 87334, 87322, 87314, 87305, 87290, 87284, 87270, 87263, 87256, 87247, 87235, 87224, 87218, 87208, 87201, 87189, 87180, 87176, 87166, 87157, 87143, 87133, 87124, 87111, 87107, 87097, 87081, 87074, 87065, 87057, 87051, 87037, 87032, 87026, 87019, 87009, 87000, 86990, 86975, 86970, 86960, 86952, 86945, 86941, 86925, 86914, 86904, 86895, 86888, 86883, 86877, 86868, 86859, 86851, 86845, 86836, 86827, 86822, 86816, 86812, 86800, 86796, 86792, 86787, 86777, 86772, 86762, 86757, 86751, 86746, 86737, 86723, 86720, 86718, 86712, 86701, 86694, 86687, 86680, 86675, 86667, 86662, 86657, 86653, 86650, 86645, 86641, 86634, 86629, 86626, 86622, 86619, 86616, 86614, 86610, 86605, 86602, 86591, 86585, 86581, 86575, 86574, 86568, 86563, 86557, 86551, 86548, 86539, 86537, 86534, 86525, 86519, 86517, 86511, 86510, 86508, 86506, 86499, 86495, 86493, 86490, 86486, 86480, 86478, 86473, 86470, 86469, 86465, 86456, 86449, 86446, 86445, 86440, 86440, 86436, 86432, 86428, 86424, 86422, 86419, 86417, 86413, 86407, 86405, 86404, 86401, 86399, 86396, 86395, 86394, 86390, 86388, 86384, 86384, 86382, 86380, 86378, 86378, 86375, 86374, 86368, 86365, 86364, 86361, 86360, 86359, 86357, 86357, 86354, 86351, 86351, 86347, 86346, 86344, 86340, 86338, 86335, 86332, 86328, 86324, 86323, 86322, 86321, 86319, 86318, 86317, 86314, 86312, 86309, 86307, 86304, 86301, 86297, 86295, 86291, 86290, 86290, 86287, 86284, 86281, 86279, 86276, 86274, 86271, 86266, 86263, 86258, 86255, 86255, 86253, 86249, 86246, 86246, 86243, 86239, 86239, 86235, 86234, 86228, 86223, 86220, 86217, 86216, 86213, 86213, 86211, 86210, 86209, 86207, 86207, 86206, 86204, 86204, 86202, 86202, 86201, 86199, 86196]

Infectados simulação: [685, 680, 684, 700, 709, 712, 714, 722, 715, 710, 700, 711, 705, 707, 713, 709, 715, 711, 708, 697, 692, 687, 689, 686, 689, 688, 679, 670, 658, 656, 660, 656, 654, 648, 638, 637, 648, 630, 629, 620, 632, 624, 628, 634, 629, 613, 598, 599, 608, 602, 596, 589, 586, 568, 573, 570, 563, 554, 553, 553, 553, 544, 542, 545, 548, 545, 542, 547, 551, 548, 536, 537, 545, 559, 551, 536, 526, 525, 517, 514, 516, 516, 521, 536, 524, 528, 520, 515, 510, 499, 482, 472, 476, 467, 467, 461, 453, 439, 426, 421, 420, 416, 410, 414, 413, 416, 413, 411, 410, 407, 409, 403, 397, 401, 391, 397, 396, 390, 394, 391, 390, 385, 380, 373, 366, 368, 366, 361, 365, 361, 361, 366, 361, 365, 354, 345, 340, 337, 334, 327, 325, 321, 326, 323, 313, 313, 310, 308, 307, 303, 305, 297, 294, 299, 293, 284, 285, 281, 283, 273, 267, 259, 258, 258, 257, 261, 257, 255, 246, 248, 246, 253, 257, 250, 248, 250, 245, 239, 238, 239, 231, 231, 229, 232, 228, 223, 217, 216, 214, 209, 208, 212, 204, 206, 202, 199, 197, 198, 205, 203, 196, 194, 199, 196, 196, 192, 189, 193, 192, 188, 183, 177, 173, 172, 171, 168, 165, 165, 162, 159, 154, 154, 154, 150, 157, 159, 158, 152, 150, 152, 149, 153, 152, 150, 151, 144, 142, 140, 141, 137, 133, 129, 128, 122, 129, 128, 126, 123, 123, 124, 122, 118, 118, 111, 107, 109, 112, 112, 111, 112, 109, 108, 111, 110, 107, 104, 104, 102, 100, 101, 98, 96, 93, 90, 88, 88, 85, 85, 84, 86, 83, 83, 81, 80, 80, 83, 76, 73, 72, 71, 72, 71, 66, 68, 63, 61, 63, 61, 63, 61, 61, 63, 63, 63, 65, 66, 69, 69, 66, 65, 65, 64, 62, 61, 60, 60, 59, 56, 57, 57, 56, 58, 58, 58, 58, 58, 58, 59, 59, 58, 59, 61, 63, 67, 64, 63, 64, 65, 62, 60, 60, 63, 63, 63, 61, 64, 64, 63, 63, 61, 61, 59, 60, 59, 58, 53, 53, 53, 50, 47, 47, 45, 45, 42, 43]

Recuperados simulação: [0, 28, 49, 74, 102, 138, 169, 190, 226, 258, 291, 310, 336, 364, 381, 413, 444, 476, 512, 544, 573, 597, 623, 647, 667, 691, 723, 753, 783, 803, 826, 858, 888, 909, 940, 962, 983, 1020, 1041, 1068, 1083, 1111, 1131, 1153, 1187, 1213, 1244, 1266, 1280, 1307, 1332, 1352, 1377, 1409, 1426, 1448, 1477, 1500, 1521, 1539, 1562, 1586, 1609, 1623, 1643, 1668, 1689, 1705, 1721, 1743, 1770, 1786, 1803, 1815, 1839, 1860, 1887, 1902, 1924, 1944, 1959, 1980, 1997, 2009, 2032, 2047, 2073, 2100, 2125, 2150, 2182, 2209, 2224, 2247, 2266, 2283, 2299, 2323, 2352, 2371, 2385, 2401, 2421, 2435, 2451, 2463, 2478, 2497, 2508, 2523, 2534, 2552, 2566, 2579, 2597, 2607, 2627, 2644, 2657, 2677, 2694, 2706, 2722, 2746, 2768, 2779, 2789, 2802, 2810, 2822, 2831, 2841, 2852, 2862, 2880, 2896, 2910, 2925, 2939, 2952, 2964, 2975, 2982, 2994, 3008, 3018, 3030, 3046, 3057, 3070, 3081, 3093, 3106, 3117, 3130, 3148, 3155, 3165, 3177, 3192, 3204, 3219, 3230, 3239, 3250, 3261, 3270, 3282, 3299, 3304, 3310, 3319, 3326, 3343, 3354, 3359, 3369, 3381, 3391, 3399, 3415, 3421, 3432, 3438, 3447, 3458, 3468, 3481, 3487, 3496, 3502, 3508, 3521, 3529, 3538, 3547, 3554, 3562, 3569, 3574, 3583, 3591, 3597, 3607, 3614, 3625, 3633, 3637, 3643, 3652, 3661, 3670, 3679, 3684, 3692, 3700, 3706, 3710, 3716, 3722, 3729, 3733, 3738, 3745, 3749, 3753, 3758, 3770, 3773, 3777, 3785, 3787, 3794, 3799, 3807, 3816, 3821, 3832, 3837, 3843, 3853, 3858, 3861, 3869, 3869, 3874, 3878, 3884, 3888, 3893, 3897, 3906, 3909, 3917, 3925, 3932, 3936, 3939, 3941, 3945, 3948, 3953, 3954, 3959, 3966, 3971, 3974, 3978, 3984, 3989, 3994, 3997, 4003, 4008, 4013, 4014, 4018, 4022, 4025, 4027, 4030, 4032, 4036, 4039, 4039, 4039, 4047, 4056, 4060, 4062, 4064, 4066, 4072, 4072, 4077, 4082, 4083, 4085, 4087, 4090, 4092, 4094, 4096, 4099, 4100, 4103, 4104, 4105, 4109, 4111, 4113, 4115, 4118, 4122, 4125, 4128, 4131, 4137, 4139, 4143, 4146, 4148, 4149, 4149, 4152, 4155, 4158, 4159, 4162, 4165, 4167, 4170, 4171, 4172, 4178, 4179, 4180, 4183, 4189, 4191, 4194, 4195, 4195, 4199, 4202, 4205, 4210, 4214, 4217, 4220, 4223, 4225, 4226, 4228, 4230, 4237, 4237, 4238, 4243, 4246, 4248, 4250, 4251, 4256, 4258]

