89812,685,0
89789,680,28
89764,684,49
89723,700,74
89686,709,102
89647,712,138
89614,714,169
89585,722,190
89556,715,226
89529,710,258
89506,700,291
89476,711,310
89456,705,336
89426,707,364
89403,713,381
89375,709,413
89338,715,444
89310,711,476
89277,708,512
89256,697,544
89232,692,573
89213,687,597
89185,689,623
89164,686,647
89141,689,667
89118,688,691
89095,679,723
89074,670,753
89056,658,783
89038,656,803
89011,660,826
88983,656,858
88955,654,888
88940,648,909
88919,638,940
88898,637,962
88866,648,983
88847,630,1020
88827,629,1041
88809,620,1068
88782,632,1083
88762,624,1111
88738,628,1131
88710,634,1153
88681,629,1187
88671,613,1213
88655,598,1244
88632,599,1266
88609,608,1280
88588,602,1307
88569,596,1332
88556,589,1352
88534,586,1377
88520,568,1409
88498,573,1426
88479,570,1448
88457,563,1477
88443,554,1500
88423,553,1521
88405,553,1539
88382,553,1562
88367,544,1586
88346,542,1609
88329,545,1623
88306,548,1643
88284,545,1668
88266,542,1689
88245,547,1705
88225,551,1721
88206,548,1743
88191,536,1770
88174,537,1786
88149,545,1803
88123,559,1815
88107,551,1839
88101,536,1860
88084,526,1887
88070,525,1902
88056,517,1924
88039,514,1944
88022,516,1959
88001,516,1980
87979,521,1997
87952,536,2009
87941,524,2032
87922,528,2047
87904,520,2073
87882,515,2100
87862,510,2125
87848,499,2150
87833,482,2182
87816,472,2209
87797,476,2224
87783,467,2247
87764,467,2266
87753,461,2283
87745,453,2299
87735,439,2323
87719,426,2352
87705,421,2371
87692,420,2385
87680,416,2401
87666,410,2421
87648,414,2435
87633,413,2451
87618,416,2463
87606,413,2478
87589,411,2497
87579,410,2508
87567,407,2523
87554,409,2534
87542,403,2552
87534,397,2566
87517,401,2579
87509,391,2597
87493,397,2607
87474,396,2627
87463,390,2644
87446,394,2657
87429,391,2677
87413,390,2694
87406,385,2706
87395,380,2722
87378,373,2746
87363,366,2768
87350,368,2779
87342,366,2789
87334,361,2802
87322,365,2810
87314,361,2822
87305,361,2831
87290,366,2841
87284,361,2852
87270,365,2862
87263,354,2880
87256,345,2896
87247,340,2910
87235,337,2925
87224,334,2939
87218,327,2952
87208,325,2964
87201,321,2975
87189,326,2982
87180,323,2994
87176,313,3008
87166,313,3018
87157,310,3030
87143,308,3046
87133,307,3057
87124,303,3070
87111,305,3081
87107,297,3093
87097,294,3106
87081,299,3117
87074,293,3130
87065,284,3148
87057,285,3155
87051,281,3165
87037,283,3177
87032,273,3192
87026,267,3204
87019,259,3219
87009,258,3230
87000,258,3239
86990,257,3250
86975,261,3261
86970,257,3270
86960,255,3282
86952,246,3299
86945,248,3304
86941,246,3310
86925,253,3319
86914,257,3326
86904,250,3343
86895,248,3354
86888,250,3359
86883,245,3369
86877,239,3381
86868,238,3391
86859,239,3399
86851,231,3415
86845,231,3421
86836,229,3432
86827,232,3438
86822,228,3447
86816,223,3458
86812,217,3468
86800,216,3481
86796,214,3487
86792,209,3496
86787,208,3502
86777,212,3508
86772,204,3521
86762,206,3529
86757,202,3538
86751,199,3547
86746,197,3554
86737,198,3562
86723,205,3569
86720,203,3574
86718,196,3583
86712,194,3591
86701,199,3597
86694,196,3607
86687,196,3614
86680,192,3625
86675,189,3633
86667,193,3637
86662,192,3643
86657,188,3652
86653,183,3661
86650,177,3670
86645,173,3679
86641,172,3684
86634,171,3692
86629,168,3700
86626,165,3706
86622,165,3710
86619,162,3716
86616,159,3722
86614,154,3729
86610,154,3733
86605,154,3738
86602,150,3745
86591,157,3749
86585,159,3753
86581,158,3758
86575,152,3770
86574,150,3773
86568,152,3777
86563,149,3785
86557,153,3787
86551,152,3794
86548,150,3799
86539,151,3807
86537,144,3816
86534,142,3821
86525,140,3832
86519,141,3837
86517,137,3843
86511,133,3853
86510,129,3858
86508,128,3861
86506,122,3869
86499,129,3869
86495,128,3874
86493,126,3878
86490,123,3884
86486,123,3888
86480,124,3893
86478,122,3897
86473,118,3906
86470,118,3909
86469,111,3917
86465,107,3925
86456,109,3932
86449,112,3936
86446,112,3939
86445,111,3941
86440,112,3945
86440,109,3948
86436,108,3953
86432,111,3954
86428,110,3959
86424,107,3966
86422,104,3971
86419,104,3974
86417,102,3978
86413,100,3984
86407,101,3989
86405,98,3994
86404,96,3997
86401,93,4003
86399,90,4008
86396,88,4013
86395,88,4014
86394,85,4018
86390,85,4022
86388,84,4025
86384,86,4027
86384,83,4030
86382,83,4032
86380,81,4036
86378,80,4039
86378,80,4039
86375,83,4039
86374,76,4047
86368,73,4056
86365,72,4060
86364,71,4062
86361,72,4064
86360,71,4066
86359,66,4072
86357,68,4072
86357,63,4077
86354,61,4082
86351,63,4083
86351,61,4085
86347,63,4087
86346,61,4090
86344,61,4092
86340,63,4094
86338,63,4096
86335,63,4099
86332,65,4100
86328,66,4103
86324,69,4104
86323,69,4105
86322,66,4109
86321,65,4111
86319,65,4113
86318,64,4115
86317,62,4118
86314,61,4122
86312,60,4125
86309,60,4128
86307,59,4131
86304,56,4137
86301,57,4139
86297,57,4143
86295,56,4146
86291,58,4148
86290,58,4149
86290,58,4149
86287,58,4152
86284,58,4155
86281,58,4158
86279,59,4159
86276,59,4162
86274,58,4165
86271,59,4167
86266,61,4170
86263,63,4171
86258,67,4172
86255,64,4178
86255,63,4179
86253,64,4180
86249,65,4183
86246,62,4189
86246,60,4191
86243,60,4194
86239,63,4195
86239,63,4195
86235,63,4199
86234,61,4202
86228,64,4205
86223,64,4210
86220,63,4214
86217,63,4217
86216,61,4220
86213,61,4223
86213,59,4225
86211,60,4226
86210,59,4228
86209,58,4230
86207,53,4237
86207,53,4237
86206,53,4238
86204,50,4243
86204,47,4246
86202,47,4248
86202,45,4250
86201,45,4251
86199,42,4256
86196,43,4258
