########################################
    Simulação de Vacinação Aleatória    
########################################

Beta: 0.01173
Gamma: 0.04007
Porcentagem de vacinados: 30%
Dias: 365
Número Máximo de Infectados: 743
Dia Ocorrido: 55

Suscetíveis simulação: [62663, 62632, 62601, 62583, 62560, 62532, 62502, 62478, 62454, 62421, 62385, 62354, 62322, 62291, 62266, 62246, 62219, 62200, 62171, 62136, 62102, 62071, 62038, 62004, 61980, 61961, 61933, 61903, 61875, 61846, 61814, 61782, 61752, 61724, 61702, 61670, 61646, 61613, 61591, 61563, 61542, 61517, 61492, 61465, 61439, 61410, 61373, 61341, 61306, 61278, 61242, 61210, 61179, 61142, 61113, 61084, 61060, 61025, 60996, 60968, 60943, 60918, 60897, 60869, 60851, 60819, 60789, 60767, 60742, 60714, 60688, 60660, 60626, 60597, 60571, 60549, 60520, 60496, 60465, 60443, 60419, 60388, 60358, 60330, 60301, 60278, 60254, 60235, 60214, 60197, 60175, 60157, 60137, 60107, 60079, 60056, 60022, 59999, 59971, 59947, 59925, 59907, 59880, 59860, 59826, 59807, 59790, 59756, 59724, 59704, 59685, 59659, 59638, 59608, 59582, 59558, 59527, 59505, 59485, 59466, 59441, 59419, 59399, 59374, 59351, 59333, 59313, 59293, 59256, 59234, 59207, 59183, 59158, 59135, 59107, 59082, 59054, 59029, 59000, 58968, 58936, 58915, 58892, 58865, 58833, 58815, 58796, 58770, 58748, 58732, 58698, 58676, 58654, 58628, 58610, 58588, 58568, 58547, 58522, 58493, 58469, 58445, 58425, 58410, 58396, 58379, 58364, 58339, 58328, 58305, 58290, 58262, 58233, 58211, 58196, 58181, 58170, 58154, 58142, 58118, 58097, 58069, 58052, 58038, 58019, 57994, 57975, 57956, 57935, 57920, 57907, 57885, 57866, 57842, 57825, 57801, 57781, 57761, 57736, 57718, 57702, 57686, 57666, 57651, 57639, 57613, 57600, 57583, 57571, 57554, 57532, 57523, 57503, 57481, 57465, 57455, 57440, 57427, 57415, 57403, 57380, 57364, 57343, 57324, 57306, 57288, 57274, 57256, 57242, 57222, 57203, 57191, 57170, 57155, 57133, 57111, 57098, 57079, 57057, 57041, 57026, 57015, 56999, 56987, 56967, 56948, 56930, 56913, 56894, 56875, 56855, 56836, 56821, 56815, 56801, 56792, 56775, 56761, 56750, 56742, 56728, 56711, 56698, 56685, 56665, 56653, 56643, 56631, 56618, 56599, 56588, 56577, 56561, 56546, 56526, 56513, 56498, 56487, 56468, 56445, 56434, 56425, 56412, 56401, 56388, 56376, 56365, 56350, 56338, 56323, 56313, 56302, 56288, 56270, 56257, 56247, 56243, 56235, 56225, 56216, 56202, 56189, 56180, 56168, 56154, 56142, 56125, 56115, 56101, 56093, 56079, 56066, 56058, 56046, 56041, 56027, 56019, 56005, 55993, 55983, 55980, 55972, 55965, 55953, 55940, 55927, 55920, 55908, 55898, 55885, 55880, 55874, 55865, 55859, 55853, 55841, 55833, 55823, 55814, 55806, 55796, 55789, 55782, 55769, 55762, 55755, 55751, 55745, 55730, 55720, 55714, 55706, 55698, 55695, 55691, 55682, 55678, 55669, 55666, 55658, 55650, 55647, 55639, 55634, 55628]

Infectados simulação: [685, 682, 683, 674, 675, 667, 667, 661, 658, 669, 673, 678, 677, 683, 674, 670, 674, 668, 668, 687, 696, 698, 700, 714, 728, 716, 718, 718, 721, 720, 723, 729, 733, 729, 720, 730, 718, 727, 723, 720, 708, 710, 701, 708, 705, 695, 704, 711, 721, 723, 726, 729, 734, 740, 743, 740, 739, 739, 731, 736, 734, 728, 711, 709, 694, 698, 700, 690, 693, 690, 693, 694, 699, 701, 702, 694, 690, 685, 687, 681, 673, 673, 672, 674, 676, 682, 679, 660, 656, 646, 649, 644, 640, 645, 652, 646, 663, 647, 653, 649, 640, 638, 641, 638, 644, 639, 633, 646, 642, 636, 626, 631, 633, 639, 649, 657, 653, 654, 656, 649, 640, 639, 636, 636, 640, 636, 635, 627, 636, 637, 647, 649, 649, 643, 646, 641, 645, 646, 646, 652, 653, 642, 639, 633, 631, 628, 624, 629, 631, 624, 622, 627, 623, 618, 612, 602, 599, 592, 590, 591, 593, 588, 586, 576, 572, 564, 563, 575, 569, 569, 561, 565, 570, 573, 566, 559, 551, 548, 536, 549, 546, 558, 547, 540, 540, 539, 536, 532, 530, 524, 521, 520, 518, 520, 514, 518, 520, 515, 524, 523, 508, 510, 505, 498, 493, 494, 492, 494, 476, 476, 481, 467, 476, 475, 479, 470, 466, 462, 458, 454, 455, 461, 469, 470, 476, 476, 468, 471, 468, 464, 464, 460, 472, 463, 468, 469, 462, 460, 465, 456, 455, 440, 441, 435, 438, 430, 435, 437, 435, 435, 440, 437, 433, 415, 420, 412, 413, 417, 413, 410, 405, 405, 399, 397, 402, 394, 386, 381, 377, 383, 380, 382, 385, 390, 389, 384, 384, 377, 383, 394, 382, 379, 377, 375, 371, 364, 361, 362, 355, 354, 354, 351, 350, 357, 357, 355, 348, 337, 336, 331, 336, 339, 341, 338, 337, 336, 336, 338, 334, 322, 324, 318, 309, 311, 301, 299, 295, 298, 299, 298, 290, 290, 286, 282, 288, 290, 283, 282, 282, 279, 273, 268, 270, 264, 260, 258, 256, 254, 256, 252, 250, 248, 246, 252, 247, 248, 243, 240, 244, 242, 238, 235, 229, 220, 218, 221, 223, 223, 214, 212, 212, 205, 200, 202, 202]

Recuperados simulação: [27149, 27183, 27213, 27240, 27262, 27298, 27328, 27358, 27385, 27407, 27439, 27465, 27498, 27523, 27557, 27581, 27604, 27629, 27658, 27674, 27699, 27728, 27759, 27779, 27789, 27820, 27846, 27876, 27901, 27931, 27960, 27986, 28012, 28044, 28075, 28097, 28133, 28157, 28183, 28214, 28247, 28270, 28304, 28324, 28353, 28392, 28420, 28445, 28470, 28496, 28529, 28558, 28584, 28615, 28641, 28673, 28698, 28733, 28770, 28793, 28820, 28851, 28889, 28919, 28952, 28980, 29008, 29040, 29062, 29093, 29116, 29143, 29172, 29199, 29224, 29254, 29287, 29316, 29345, 29373, 29405, 29436, 29467, 29493, 29520, 29537, 29564, 29602, 29627, 29654, 29673, 29696, 29720, 29745, 29766, 29795, 29812, 29851, 29873, 29901, 29932, 29952, 29976, 29999, 30027, 30051, 30074, 30095, 30131, 30157, 30186, 30207, 30226, 30250, 30266, 30282, 30317, 30338, 30356, 30382, 30416, 30439, 30462, 30487, 30506, 30528, 30549, 30577, 30605, 30626, 30643, 30665, 30690, 30719, 30744, 30774, 30798, 30822, 30851, 30877, 30908, 30940, 30966, 30999, 31033, 31054, 31077, 31098, 31118, 31141, 31177, 31194, 31220, 31251, 31275, 31307, 31330, 31358, 31385, 31413, 31435, 31464, 31486, 31511, 31529, 31554, 31570, 31583, 31600, 31623, 31646, 31670, 31694, 31713, 31735, 31757, 31776, 31795, 31819, 31830, 31854, 31870, 31898, 31919, 31938, 31964, 31986, 32009, 32032, 32053, 32069, 32092, 32113, 32135, 32158, 32178, 32196, 32221, 32237, 32256, 32287, 32301, 32326, 32348, 32365, 32390, 32405, 32420, 32450, 32467, 32484, 32507, 32518, 32541, 32553, 32572, 32591, 32608, 32624, 32640, 32662, 32672, 32685, 32703, 32715, 32733, 32755, 32770, 32787, 32811, 32830, 32846, 32855, 32879, 32896, 32917, 32937, 32958, 32975, 33000, 33016, 33042, 33057, 33075, 33092, 33119, 33132, 33147, 33168, 33187, 33202, 33224, 33243, 33267, 33276, 33293, 33309, 33319, 33334, 33345, 33364, 33381, 33400, 33415, 33430, 33450, 33468, 33485, 33502, 33515, 33529, 33538, 33551, 33561, 33582, 33600, 33615, 33633, 33646, 33658, 33681, 33693, 33708, 33721, 33738, 33757, 33771, 33785, 33804, 33820, 33830, 33844, 33859, 33870, 33883, 33895, 33906, 33925, 33936, 33950, 33959, 33969, 33976, 33991, 34006, 34019, 34036, 34044, 34062, 34082, 34094, 34113, 34130, 34140, 34155, 34171, 34183, 34194, 34205, 34216, 34227, 34235, 34246, 34262, 34269, 34280, 34294, 34307, 34317, 34333, 34344, 34355, 34362, 34374, 34384, 34398, 34408, 34420, 34427, 34439, 34451, 34460, 34469, 34476, 34488, 34494, 34503, 34512, 34523, 34535, 34545, 34556, 34570, 34582, 34588, 34594, 34596, 34605, 34617, 34627, 34635, 34645, 34658, 34661, 34667]

