########################################
    Simulação de Vacinação ods Hubs     
########################################

Beta: 0.01173
Gamma: 0.04007
Porcentagem de vacinados: 30%
Dias: 365
Número Máximo de Infectados: 691
Dia Ocorrido: 3

Suscetíveis simulação: [62663, 62642, 62612, 62591, 62558, 62535, 62517, 62498, 62486, 62466, 62453, 62432, 62408, 62398, 62374, 62355, 62335, 62317, 62303, 62288, 62273, 62260, 62246, 62236, 62223, 62210, 62197, 62186, 62174, 62164, 62152, 62143, 62134, 62127, 62117, 62105, 62094, 62080, 62071, 62065, 62056, 62049, 62043, 62036, 62026, 62015, 62009, 62004, 61995, 61987, 61979, 61973, 61965, 61961, 61956, 61951, 61947, 61939, 61933, 61926, 61920, 61914, 61904, 61897, 61892, 61887, 61882, 61871, 61865, 61862, 61861, 61860, 61857, 61855, 61850, 61844, 61838, 61831, 61822, 61814, 61813, 61809, 61805, 61801, 61792, 61792, 61790, 61789, 61786, 61783, 61778, 61776, 61774, 61774, 61768, 61765, 61763, 61761, 61759, 61758, 61757, 61754, 61753, 61751, 61750, 61748, 61748, 61747, 61742, 61740, 61738, 61736, 61733, 61731, 61731, 61729, 61729, 61729, 61727, 61727, 61725, 61722, 61720, 61720, 61720, 61720, 61718, 61718, 61718, 61716, 61715, 61715, 61714, 61714, 61713, 61713, 61713, 61711, 61709, 61708, 61707, 61706, 61706, 61705, 61705, 61705, 61704, 61703, 61701, 61701, 61700, 61699, 61698, 61698, 61698, 61696, 61695, 61695, 61695, 61695, 61695, 61695, 61694, 61694, 61694, 61694, 61694, 61694, 61693, 61692, 61692, 61692, 61689, 61689, 61689, 61688, 61688, 61688, 61688, 61688, 61688, 61688, 61688, 61688, 61688, 61688, 61688, 61688, 61687, 61687, 61687, 61687, 61687, 61687, 61687, 61687, 61687, 61687, 61687, 61687, 61687, 61687, 61687, 61687, 61687, 61687, 61687, 61687, 61686, 61686, 61685, 61685, 61685, 61685, 61685, 61685, 61685, 61685, 61685, 61685, 61685, 61685, 61685, 61685, 61685, 61685, 61685, 61685, 61685, 61685, 61684, 61684, 61684, 61684, 61684, 61684, 61684, 61684, 61684, 61684, 61684, 61684, 61684, 61684, 61684, 61684, 61684, 61684, 61684, 61684, 61684, 61684, 61684, 61684, 61684, 61684, 61684, 61684, 61684, 61684, 61684, 61684, 61684, 61684, 61684, 61684, 61684, 61684, 61684, 61684, 61684, 61684, 61684, 61684, 61684, 61684, 61684, 61684, 61684, 61684, 61684, 61684, 61684, 61684, 61684, 61684, 61684, 61684, 61684, 61684, 61684, 61684, 61684, 61684, 61684, 61684, 61684, 61684, 61684, 61684, 61684, 61684, 61684, 61684, 61684, 61684, 61684, 61684, 61684, 61684, 61684, 61684, 61684, 61684, 61684, 61684, 61684, 61684, 61684, 61684, 61684, 61684, 61684, 61684, 61684, 61684, 61684, 61684, 61684, 61684, 61684, 61684, 61684, 61684, 61684, 61684, 61684, 61684, 61684, 61684, 61684, 61684, 61684, 61684, 61684, 61684, 61684, 61684, 61684, 61684, 61684, 61684, 61684, 61684, 61684, 61684, 61684, 61684, 61684, 61684, 61684, 61684, 61684, 61684, 61684]

Infectados simulação: [685, 684, 691, 680, 691, 680, 659, 653, 634, 623, 611, 609, 594, 577, 572, 569, 562, 550, 545, 536, 530, 529, 515, 510, 499, 493, 489, 482, 481, 472, 468, 459, 448, 436, 426, 420, 414, 416, 409, 400, 397, 386, 380, 369, 356, 353, 349, 331, 327, 319, 313, 308, 300, 290, 284, 280, 274, 269, 260, 261, 259, 259, 261, 255, 255, 254, 247, 250, 245, 237, 222, 209, 208, 201, 201, 197, 195, 194, 197, 197, 185, 181, 177, 176, 179, 175, 176, 170, 167, 163, 165, 159, 158, 151, 150, 147, 142, 133, 128, 122, 115, 115, 113, 114, 113, 112, 109, 107, 106, 106, 103, 103, 101, 100, 95, 92, 88, 83, 80, 78, 76, 75, 76, 71, 70, 68, 64, 63, 60, 61, 57, 57, 56, 54, 51, 48, 45, 42, 42, 41, 42, 41, 41, 42, 40, 40, 40, 41, 43, 43, 43, 42, 42, 41, 38, 37, 37, 35, 35, 34, 32, 31, 30, 27, 22, 21, 21, 20, 21, 22, 22, 21, 22, 21, 21, 21, 20, 20, 19, 16, 15, 15, 15, 14, 14, 13, 13, 13, 14, 13, 13, 13, 13, 12, 12, 11, 10, 10, 9, 9, 8, 8, 6, 6, 5, 5, 5, 5, 6, 5, 6, 6, 4, 4, 4, 4, 4, 4, 4, 4, 4, 3, 3, 3, 3, 3, 3, 3, 3, 3, 4, 4, 4, 3, 3, 3, 3, 3, 3, 2, 2, 2, 2, 2, 2, 2, 2, 1, 1, 1, 1, 1, 1, 1, 1, 1, 1, 1, 1, 1, 1, 1, 0, 0, 0, 0, 0, 0, 0, 0, 0, 0, 0, 0, 0, 0, 0, 0, 0, 0, 0, 0, 0, 0, 0, 0, 0, 0, 0, 0, 0, 0, 0, 0, 0, 0, 0, 0, 0, 0, 0, 0, 0, 0, 0, 0, 0, 0, 0, 0, 0, 0, 0, 0, 0, 0, 0, 0, 0, 0, 0, 0, 0, 0, 0, 0, 0, 0, 0, 0, 0, 0, 0, 0, 0, 0, 0, 0, 0, 0, 0, 0, 0, 0, 0, 0, 0, 0, 0, 0, 0, 0, 0, 0, 0, 0, 0, 0, 0, 0, 0, 0, 0, 0, 0]

Recuperados simulação: [27149, 27171, 27194, 27226, 27248, 27282, 27321, 27346, 27377, 27408, 27433, 27456, 27495, 27522, 27551, 27573, 27600, 27630, 27649, 27673, 27694, 27708, 27736, 27751, 27775, 27794, 27811, 27829, 27842, 27861, 27877, 27895, 27915, 27934, 27954, 27972, 27989, 28001, 28017, 28032, 28044, 28062, 28074, 28092, 28115, 28129, 28139, 28162, 28175, 28191, 28205, 28216, 28232, 28246, 28257, 28266, 28276, 28289, 28304, 28310, 28318, 28324, 28332, 28345, 28350, 28356, 28368, 28376, 28387, 28398, 28414, 28428, 28432, 28441, 28446, 28456, 28464, 28472, 28478, 28486, 28499, 28507, 28515, 28520, 28526, 28530, 28531, 28538, 28544, 28551, 28554, 28562, 28565, 28572, 28579, 28585, 28592, 28603, 28610, 28617, 28625, 28628, 28631, 28632, 28634, 28637, 28640, 28643, 28649, 28651, 28656, 28658, 28663, 28666, 28671, 28676, 28680, 28685, 28690, 28692, 28696, 28700, 28701, 28706, 28707, 28709, 28715, 28716, 28719, 28720, 28725, 28725, 28727, 28729, 28733, 28736, 28739, 28744, 28746, 28748, 28748, 28750, 28750, 28750, 28752, 28752, 28753, 28753, 28753, 28753, 28754, 28756, 28757, 28758, 28761, 28764, 28765, 28767, 28767, 28768, 28770, 28771, 28773, 28776, 28781, 28782, 28782, 28783, 28783, 28783, 28783, 28784, 28786, 28787, 28787, 28788, 28789, 28789, 28790, 28793, 28794, 28794, 28794, 28795, 28795, 28796, 28796, 28796, 28796, 28797, 28797, 28797, 28797, 28798, 28798, 28799, 28800, 28800, 28801, 28801, 28802, 28802, 28804, 28804, 28805, 28805, 28805, 28805, 28805, 28806, 28806, 28806, 28808, 28808, 28808, 28808, 28808, 28808, 28808, 28808, 28808, 28809, 28809, 28809, 28809, 28809, 28809, 28809, 28809, 28809, 28809, 28809, 28809, 28810, 28810, 28810, 28810, 28810, 28810, 28811, 28811, 28811, 28811, 28811, 28811, 28811, 28811, 28812, 28812, 28812, 28812, 28812, 28812, 28812, 28812, 28812, 28812, 28812, 28812, 28812, 28812, 28812, 28813, 28813, 28813, 28813, 28813, 28813, 28813, 28813, 28813, 28813, 28813, 28813, 28813, 28813, 28813, 28813, 28813, 28813, 28813, 28813, 28813, 28813, 28813, 28813, 28813, 28813, 28813, 28813, 28813, 28813, 28813, 28813, 28813, 28813, 28813, 28813, 28813, 28813, 28813, 28813, 28813, 28813, 28813, 28813, 28813, 28813, 28813, 28813, 28813, 28813, 28813, 28813, 28813, 28813, 28813, 28813, 28813, 28813, 28813, 28813, 28813, 28813, 28813, 28813, 28813, 28813, 28813, 28813, 28813, 28813, 28813, 28813, 28813, 28813, 28813, 28813, 28813, 28813, 28813, 28813, 28813, 28813, 28813, 28813, 28813, 28813, 28813, 28813, 28813, 28813, 28813, 28813, 28813, 28813, 28813, 28813, 28813, 28813, 28813, 28813, 28813, 28813, 28813]

