########################################
    Simulação de Vacinação Aleatória    
########################################

Beta: 0.01173
Gamma: 0.04007
Porcentagem de vacinados: 10%
Dias: 365
Número Máximo de Infectados: 3427
Dia Ocorrido: 161

Suscetíveis simulação: [80762, 80722, 80678, 80637, 80587, 80537, 80494, 80456, 80408, 80361, 80316, 80267, 80212, 80156, 80113, 80075, 80027, 79976, 79922, 79872, 79818, 79761, 79696, 79639, 79577, 79509, 79442, 79372, 79320, 79254, 79188, 79131, 79074, 79006, 78942, 78890, 78821, 78755, 78693, 78621, 78563, 78485, 78417, 78349, 78281, 78207, 78125, 78055, 77971, 77901, 77836, 77741, 77666, 77575, 77500, 77421, 77349, 77272, 77196, 77105, 77017, 76922, 76828, 76729, 76631, 76545, 76456, 76365, 76275, 76175, 76095, 75987, 75877, 75766, 75669, 75578, 75480, 75371, 75277, 75178, 75074, 74961, 74853, 74762, 74662, 74553, 74437, 74326, 74226, 74106, 73982, 73865, 73748, 73636, 73512, 73393, 73272, 73147, 73011, 72887, 72762, 72656, 72550, 72416, 72276, 72150, 72017, 71909, 71797, 71672, 71550, 71439, 71293, 71173, 71030, 70919, 70792, 70655, 70508, 70412, 70292, 70164, 70041, 69918, 69780, 69649, 69508, 69357, 69214, 69074, 68946, 68806, 68665, 68528, 68393, 68256, 68113, 67987, 67851, 67729, 67600, 67442, 67299, 67163, 67018, 66877, 66722, 66573, 66427, 66301, 66151, 65994, 65843, 65691, 65549, 65410, 65284, 65145, 64987, 64834, 64696, 64564, 64440, 64324, 64185, 64053, 63921, 63787, 63672, 63552, 63418, 63283, 63148, 63021, 62893, 62761, 62627, 62500, 62347, 62204, 62064, 61925, 61812, 61671, 61527, 61406, 61270, 61154, 61021, 60916, 60793, 60656, 60544, 60430, 60305, 60187, 60074, 59932, 59823, 59684, 59557, 59442, 59300, 59177, 59048, 58937, 58809, 58681, 58561, 58445, 58331, 58209, 58099, 57983, 57870, 57759, 57642, 57540, 57434, 57322, 57195, 57070, 56947, 56822, 56723, 56623, 56511, 56399, 56285, 56193, 56084, 55985, 55884, 55794, 55700, 55596, 55505, 55406, 55312, 55208, 55109, 55009, 54906, 54807, 54702, 54603, 54509, 54419, 54327, 54225, 54152, 54052, 53953, 53861, 53763, 53667, 53579, 53505, 53420, 53324, 53231, 53136, 53055, 52969, 52880, 52785, 52709, 52616, 52535, 52458, 52371, 52278, 52194, 52106, 52034, 51945, 51859, 51785, 51709, 51640, 51562, 51496, 51405, 51344, 51265, 51193, 51127, 51053, 50994, 50919, 50849, 50787, 50716, 50651, 50588, 50530, 50478, 50413, 50360, 50300, 50252, 50195, 50131, 50070, 50010, 49951, 49892, 49849, 49803, 49757, 49720, 49673, 49618, 49583, 49544, 49496, 49456, 49401, 49361, 49321, 49278, 49241, 49191, 49146, 49108, 49069, 49028, 48974, 48940, 48906, 48874, 48842, 48807, 48765, 48738, 48706, 48678, 48645, 48610, 48574, 48545, 48508, 48477, 48454, 48420, 48389, 48374, 48345, 48315, 48287, 48255, 48226, 48199, 48163, 48143, 48115, 48087, 48059, 48028, 47998, 47976, 47951, 47933, 47905, 47881]

Infectados simulação: [685, 702, 711, 728, 741, 769, 786, 794, 813, 828, 836, 861, 883, 902, 915, 909, 911, 921, 937, 961, 981, 1001, 1032, 1049, 1063, 1098, 1123, 1139, 1143, 1153, 1183, 1186, 1187, 1203, 1219, 1222, 1250, 1266, 1272, 1295, 1294, 1323, 1334, 1349, 1358, 1380, 1412, 1423, 1454, 1468, 1468, 1497, 1511, 1543, 1560, 1572, 1575, 1585, 1604, 1647, 1660, 1688, 1716, 1755, 1779, 1795, 1813, 1832, 1844, 1863, 1875, 1887, 1920, 1951, 1979, 1990, 2024, 2046, 2056, 2065, 2086, 2116, 2133, 2133, 2152, 2183, 2205, 2222, 2237, 2258, 2298, 2313, 2336, 2356, 2390, 2418, 2453, 2475, 2502, 2514, 2528, 2542, 2536, 2544, 2566, 2579, 2621, 2633, 2632, 2632, 2649, 2642, 2687, 2697, 2730, 2727, 2750, 2784, 2822, 2797, 2804, 2819, 2827, 2841, 2861, 2898, 2913, 2960, 2980, 2999, 3003, 3028, 3035, 3040, 3045, 3048, 3072, 3086, 3091, 3094, 3088, 3126, 3144, 3157, 3177, 3211, 3231, 3237, 3260, 3281, 3294, 3320, 3339, 3360, 3372, 3376, 3365, 3368, 3397, 3426, 3427, 3407, 3403, 3386, 3378, 3375, 3362, 3334, 3307, 3296, 3319, 3328, 3316, 3311, 3312, 3301, 3303, 3325, 3368, 3379, 3388, 3387, 3379, 3389, 3397, 3347, 3349, 3332, 3314, 3285, 3272, 3285, 3280, 3258, 3250, 3232, 3203, 3227, 3216, 3214, 3233, 3219, 3217, 3203, 3219, 3198, 3196, 3181, 3183, 3166, 3148, 3129, 3111, 3126, 3118, 3101, 3094, 3087, 3058, 3043, 3039, 3029, 3032, 3055, 3035, 2997, 2969, 2955, 2952, 2939, 2925, 2898, 2882, 2844, 2832, 2833, 2799, 2794, 2783, 2759, 2754, 2742, 2730, 2727, 2710, 2689, 2677, 2641, 2627, 2627, 2599, 2602, 2607, 2603, 2612, 2610, 2580, 2538, 2513, 2510, 2505, 2505, 2507, 2482, 2491, 2483, 2470, 2464, 2454, 2441, 2430, 2429, 2417, 2417, 2397, 2388, 2378, 2339, 2303, 2298, 2277, 2251, 2256, 2234, 2220, 2204, 2179, 2170, 2144, 2138, 2128, 2094, 2088, 2070, 2049, 2024, 1996, 1984, 1973, 1947, 1900, 1885, 1875, 1872, 1856, 1847, 1825, 1796, 1773, 1745, 1725, 1700, 1674, 1638, 1621, 1604, 1575, 1568, 1551, 1521, 1496, 1488, 1466, 1441, 1407, 1378, 1369, 1371, 1348, 1328, 1296, 1270, 1244, 1226, 1189, 1179, 1164, 1151, 1141, 1135, 1114, 1104, 1103, 1082, 1074, 1072, 1043, 1041, 1017, 991, 993, 989, 985, 987, 956, 953, 929, 921, 906, 909, 898, 899, 876, 871, 851]

Recuperados simulação: [9050, 9073, 9108, 9132, 9169, 9191, 9217, 9247, 9276, 9308, 9345, 9369, 9402, 9439, 9469, 9513, 9559, 9600, 9638, 9664, 9698, 9735, 9769, 9809, 9857, 9890, 9932, 9986, 10034, 10090, 10126, 10180, 10236, 10288, 10336, 10385, 10426, 10476, 10532, 10581, 10640, 10689, 10746, 10799, 10858, 10910, 10960, 11019, 11072, 11128, 11193, 11259, 11320, 11379, 11437, 11504, 11573, 11640, 11697, 11745, 11820, 11887, 11953, 12013, 12087, 12157, 12228, 12300, 12378, 12459, 12527, 12623, 12700, 12780, 12849, 12929, 12993, 13080, 13164, 13254, 13337, 13420, 13511, 13602, 13683, 13761, 13855, 13949, 14034, 14133, 14217, 14319, 14413, 14505, 14595, 14686, 14772, 14875, 14984, 15096, 15207, 15299, 15411, 15537, 15655, 15768, 15859, 15955, 16068, 16193, 16298, 16416, 16517, 16627, 16737, 16851, 16955, 17058, 17167, 17288, 17401, 17514, 17629, 17738, 17856, 17950, 18076, 18180, 18303, 18424, 18548, 18663, 18797, 18929, 19059, 19193, 19312, 19424, 19555, 19674, 19809, 19929, 20054, 20177, 20302, 20409, 20544, 20687, 20810, 20915, 21052, 21183, 21315, 21446, 21576, 21711, 21848, 21984, 22113, 22237, 22374, 22526, 22654, 22787, 22934, 23069, 23214, 23376, 23518, 23649, 23760, 23886, 24033, 24165, 24292, 24435, 24567, 24672, 24782, 24914, 25045, 25185, 25306, 25437, 25573, 25744, 25878, 26011, 26162, 26296, 26432, 26556, 26673, 26809, 26942, 27078, 27220, 27338, 27458, 27599, 27707, 27836, 27980, 28117, 28230, 28362, 28492, 28635, 28753, 28886, 29018, 29159, 29287, 29388, 29509, 29637, 29761, 29870, 30005, 30132, 30263, 30398, 30518, 30620, 30739, 30877, 31017, 31143, 31260, 31365, 31488, 31614, 31731, 31859, 31965, 32068, 32193, 32297, 32402, 32530, 32634, 32746, 32861, 32963, 33085, 33205, 33311, 33437, 33543, 33645, 33746, 33843, 33937, 34033, 34122, 34220, 34338, 34454, 34564, 34663, 34761, 34856, 34935, 35046, 35126, 35229, 35318, 35417, 35508, 35598, 35696, 35790, 35886, 35974, 36066, 36164, 36260, 36373, 36485, 36559, 36658, 36750, 36836, 36919, 37012, 37100, 37191, 37274, 37359, 37440, 37520, 37616, 37693, 37776, 37860, 37943, 38023, 38100, 38164, 38250, 38345, 38417, 38491, 38555, 38631, 38699, 38780, 38852, 38921, 38995, 39052, 39124, 39205, 39276, 39332, 39397, 39466, 39528, 39585, 39655, 39723, 39768, 39840, 39910, 39982, 40050, 40100, 40152, 40209, 40263, 40327, 40385, 40446, 40506, 40570, 40612, 40655, 40701, 40746, 40788, 40838, 40885, 40917, 40961, 41003, 41036, 41080, 41111, 41165, 41219, 41249, 41282, 41313, 41347, 41398, 41429, 41481, 41517, 41563, 41590, 41623, 41647, 41688, 41721, 41765]

