########################################
            Configuração AG
########################################

Tamanho População: 20
Número de Gerações: 300
Bits Cromossomo: 10
Dias: 41
Taxa de Mutação: 0.05
Quantidade de nós: 90497
Nós infectados: [26215, 2462, 36141, 8124, 55729, 80273, 13745, 7605, 31372, 14074, 48563, 51284, 61957, 45342, 21386, 7319, 82291, 25046, 3646, 83746, 12160, 69597, 86399, 4353, 1300, 29301, 13627, 40389, 37632, 82836, 85948, 51663, 23450, 45414, 10996, 28454, 51036, 76499, 33159, 257, 64187, 72807, 89422, 2492, 89185, 25301, 72282, 61734, 24805, 52811, 82794, 1653, 70288, 11763, 88857, 89457, 84756, 81346, 29157, 57045, 13241, 1574, 17998, 36550, 17223, 54675, 48089, 75993, 7585, 77359, 11582, 56735, 74382, 1569, 9817, 55111, 24518, 2402, 42698, 21875, 82675, 55820, 68851, 52760, 70787, 80182, 62867, 54599, 63890, 3521, 84464, 58148, 77339, 89022, 78142, 83483, 80080, 74248, 39924, 22919, 16706, 19254, 54884, 39957, 26054, 37960, 49337, 90417, 70209, 82412, 76995, 44819, 27323, 83472, 31129, 8399, 12228, 20227, 90090, 1838, 34281, 59448, 10871, 24163, 15323, 87166, 58246, 855, 24283, 62899, 42023, 87933, 80644, 54959, 4230, 34458, 64266, 30454, 13123, 64618, 45183, 3063, 56610, 22776, 52317, 3896, 64042, 40085, 48837, 33445, 71109, 286, 6150, 41551, 18933, 36475, 31280, 4644, 14224, 81922, 70405, 77960, 83961, 951, 31171, 90398, 36635, 19425, 70749, 65960, 39153, 86211, 77660, 78283, 10644, 12810, 7433, 59720, 81001, 74940, 14247, 55159, 67457, 62179, 14951, 2226, 56865, 52842, 74669, 21714, 17910, 57306, 8844, 79833, 82390, 6792, 35601, 54122, 10429, 47943, 20337, 42710, 16916, 14538, 40205, 48691, 84991, 51106, 1573, 78843, 46730, 20905, 57869, 46600, 52547, 10090, 89636, 26077, 79850, 78556, 59586, 9721, 56615, 43514, 75753, 70232, 9060, 5296, 17261, 89096, 65933, 90096, 7317, 75723, 41969, 8296, 44505, 55506, 4523, 18314, 70113, 43017, 78696, 52143, 68066, 49026, 71168, 42562, 37102, 26539, 41887, 44951, 82333, 41418, 5334, 37574, 32183, 53878, 70939, 437, 50322, 16200, 46215, 19078, 42443, 62448, 79619, 66665, 64503, 51329, 33994, 4165, 76464, 70107, 64612, 44664, 78823, 50667, 60868, 17400, 64386, 48214, 30630, 38603, 89447, 63370, 41731, 4579, 77024, 63446, 32353, 13036, 40020, 16764, 28160, 59111, 70079, 64314, 22140, 16779, 56268, 85697, 80943, 42981, 66503, 25481, 89562, 74440, 9738, 88420, 80169, 68886, 487, 22945, 37467, 50768, 23031, 55009, 89365, 66429, 2571, 21670, 52555, 34160]
Probabilidae de criação de aresta: 7e-05
Nome do arquivo de amostra: dados_sjdr_12_03_2021__22_04_2021.csv
Grau médio dos nós: 6.332386708951678

########################################
     Evolução da solução encontrada
########################################

Geração: 1
Beta : 0.00977517
Gamma: 0.06060606
Avaliação Beta: 93903.56098
Avaliação Gamma: 5181.82927
NOTA: 20.18461
Número Básico de Reprodução (R0): 0.16129030661290306
Sucetiveis Simulação: [87160, 87144, 87127, 87101, 87081, 87064, 87050, 87039, 87018, 86999, 86978, 86957, 86949, 86935, 86916, 86901, 86883, 86869, 86850, 86828, 86813, 86799, 86782, 86765, 86745, 86733, 86723, 86710, 86695, 86674, 86663, 86648, 86637, 86623, 86606, 86586, 86567, 86555, 86541, 86530, 86517]
Infectados Simulação: [324, 325, 323, 332, 335, 335, 332, 329, 334, 332, 327, 330, 314, 313, 309, 305, 312, 308, 309, 313, 306, 298, 291, 296, 302, 295, 290, 280, 278, 279, 271, 263, 253, 255, 260, 263, 263, 259, 261, 255, 255]
Recuperados Simulação: [3013, 3028, 3047, 3064, 3081, 3098, 3115, 3129, 3145, 3166, 3192, 3210, 3234, 3249, 3272, 3291, 3302, 3320, 3338, 3356, 3378, 3400, 3424, 3436, 3450, 3469, 3484, 3507, 3524, 3544, 3563, 3586, 3607, 3619, 3631, 3648, 3667, 3683, 3695, 3712, 3725]

Geração: 2
Beta : 0.01466276
Gamma: 0.06158358
Avaliação Beta: 5205.34146
Avaliação Gamma: 46030.12195
NOTA: 39.03546
Número Básico de Reprodução (R0): 0.2380952844897942
Sucetiveis Simulação: [87160, 87128, 87095, 87072, 87044, 87025, 86994, 86962, 86928, 86895, 86867, 86834, 86787, 86749, 86723, 86684, 86656, 86624, 86582, 86536, 86498, 86454, 86407, 86362, 86323, 86273, 86226, 86175, 86135, 86091, 86053, 86016, 85969, 85916, 85863, 85813, 85766, 85718, 85669, 85620, 85570]
Infectados Simulação: [324, 336, 351, 356, 355, 349, 366, 373, 380, 384, 381, 397, 422, 432, 435, 446, 445, 456, 472, 484, 491, 510, 525, 534, 538, 554, 563, 585, 587, 583, 586, 589, 609, 628, 638, 642, 659, 666, 681, 690, 707]
Recuperados Simulação: [3013, 3033, 3051, 3069, 3098, 3123, 3137, 3162, 3189, 3218, 3249, 3266, 3288, 3316, 3339, 3367, 3396, 3417, 3443, 3477, 3508, 3533, 3565, 3601, 3636, 3670, 3708, 3737, 3775, 3823, 3858, 3892, 3919, 3953, 3996, 4042, 4072, 4113, 4147, 4187, 4220]

Geração: 3
Beta : 0.01466276
Gamma: 0.06158358
Avaliação Beta: 8846.39024
Avaliação Gamma: 32480.58537
NOTA: 48.39454
Número Básico de Reprodução (R0): 0.2380952844897942
Sucetiveis Simulação: [87160, 87121, 87087, 87059, 87023, 86991, 86966, 86946, 86928, 86895, 86867, 86839, 86814, 86777, 86740, 86699, 86666, 86640, 86609, 86570, 86537, 86497, 86467, 86434, 86399, 86350, 86308, 86278, 86234, 86193, 86142, 86091, 86047, 85998, 85951, 85898, 85854, 85798, 85746, 85699, 85654]
Infectados Simulação: [324, 346, 361, 359, 375, 377, 384, 381, 385, 387, 391, 392, 399, 414, 426, 443, 446, 441, 447, 468, 469, 472, 476, 476, 493, 514, 527, 523, 537, 545, 565, 569, 592, 606, 620, 635, 642, 658, 659, 667, 675]
Recuperados Simulação: [3013, 3030, 3049, 3079, 3099, 3129, 3147, 3170, 3184, 3215, 3239, 3266, 3284, 3306, 3331, 3355, 3385, 3416, 3441, 3459, 3491, 3528, 3554, 3587, 3605, 3633, 3662, 3696, 3726, 3759, 3790, 3837, 3858, 3893, 3926, 3964, 4001, 4041, 4092, 4131, 4168]

Geração: 4
Beta : 0.01368524
Gamma: 0.04496579
Avaliação Beta: 5891.02439
Avaliação Gamma: 9929.68293
NOTA: 126.4166
Número Básico de Reprodução (R0): 0.30434781641777003
Sucetiveis Simulação: [87160, 87131, 87101, 87070, 87047, 87025, 87006, 86969, 86941, 86906, 86875, 86836, 86807, 86766, 86735, 86703, 86668, 86638, 86596, 86561, 86533, 86486, 86442, 86404, 86358, 86317, 86268, 86219, 86183, 86128, 86074, 86021, 85969, 85912, 85850, 85794, 85739, 85678, 85629, 85569, 85513]
Infectados Simulação: [324, 337, 343, 350, 364, 373, 380, 396, 409, 429, 437, 456, 461, 480, 491, 507, 519, 528, 549, 560, 567, 580, 594, 612, 626, 639, 656, 678, 687, 710, 734, 753, 776, 806, 826, 843, 860, 882, 885, 903, 914]
Recuperados Simulação: [3013, 3029, 3053, 3077, 3086, 3099, 3111, 3132, 3147, 3162, 3185, 3205, 3229, 3251, 3271, 3287, 3310, 3331, 3352, 3376, 3397, 3431, 3461, 3481, 3513, 3541, 3573, 3600, 3627, 3659, 3689, 3723, 3752, 3779, 3821, 3860, 3898, 3937, 3983, 4025, 4070]

Geração: 5
Beta : 0.01368524
Gamma: 0.0459433
Avaliação Beta: 3884.26829
Avaliação Gamma: 7209.85366
NOTA: 180.27565
Número Básico de Reprodução (R0): 0.2978723774739733
Sucetiveis Simulação: [87160, 87136, 87104, 87079, 87058, 87042, 87017, 86990, 86970, 86933, 86901, 86872, 86845, 86808, 86778, 86742, 86713, 86665, 86639, 86599, 86569, 86539, 86509, 86472, 86429, 86399, 86368, 86326, 86278, 86233, 86198, 86164, 86109, 86062, 86020, 85976, 85918, 85859, 85810, 85762, 85702]
Infectados Simulação: [324, 334, 351, 357, 359, 356, 366, 374, 379, 390, 403, 412, 425, 439, 442, 459, 462, 485, 493, 516, 528, 524, 529, 539, 547, 554, 566, 584, 598, 621, 631, 635, 659, 684, 692, 708, 740, 765, 768, 789, 816]
Recuperados Simulação: [3013, 3027, 3042, 3061, 3080, 3099, 3114, 3133, 3148, 3174, 3193, 3213, 3227, 3250, 3277, 3296, 3322, 3347, 3365, 3382, 3400, 3434, 3459, 3486, 3521, 3544, 3563, 3587, 3621, 3643, 3668, 3698, 3729, 3751, 3785, 3813, 3839, 3873, 3919, 3946, 3979]

Geração: 6
Beta : 0.01075269
Gamma: 0.03030303
Avaliação Beta: 5653.68293
Avaliação Gamma: 4220.29268
NOTA: 202.55266
Número Básico de Reprodução (R0): 0.3548387735483877
Sucetiveis Simulação: [87160, 87133, 87103, 87088, 87063, 87046, 87031, 87007, 86985, 86957, 86931, 86910, 86881, 86858, 86833, 86811, 86770, 86740, 86713, 86681, 86647, 86615, 86579, 86539, 86493, 86453, 86405, 86375, 86334, 86291, 86249, 86213, 86174, 86136, 86096, 86042, 86005, 85957, 85901, 85868, 85816]
Infectados Simulação: [324, 347, 364, 368, 382, 384, 386, 405, 415, 428, 443, 445, 456, 469, 481, 486, 513, 528, 543, 563, 578, 594, 609, 630, 649, 668, 693, 706, 726, 745, 766, 773, 785, 799, 810, 835, 850, 860, 887, 883, 913]
Recuperados Simulação: [3013, 3017, 3030, 3041, 3052, 3067, 3080, 3085, 3097, 3112, 3123, 3142, 3160, 3170, 3183, 3200, 3214, 3229, 3241, 3253, 3272, 3288, 3309, 3328, 3355, 3376, 3399, 3416, 3437, 3461, 3482, 3511, 3538, 3562, 3591, 3620, 3642, 3680, 3709, 3746, 3768]

Geração: 10
Beta : 0.01075269
Gamma: 0.03030303
Avaliação Beta: 3520.58537
Avaliação Gamma: 6251.2439
NOTA: 204.66997
Número Básico de Reprodução (R0): 0.3548387735483877
Sucetiveis Simulação: [87160, 87140, 87115, 87099, 87075, 87053, 87032, 87009, 86985, 86967, 86945, 86920, 86901, 86880, 86851, 86817, 86779, 86748, 86716, 86686, 86659, 86625, 86612, 86574, 86530, 86499, 86462, 86420, 86388, 86352, 86318, 86277, 86244, 86197, 86151, 86110, 86067, 86024, 85984, 85935, 85885]
Infectados Simulação: [324, 330, 348, 350, 360, 369, 381, 389, 400, 407, 419, 427, 438, 444, 461, 479, 503, 509, 533, 541, 555, 580, 578, 592, 610, 628, 647, 677, 691, 698, 714, 735, 738, 764, 785, 796, 814, 826, 834, 853, 881]
Recuperados Simulação: [3013, 3027, 3034, 3048, 3062, 3075, 3084, 3099, 3112, 3123, 3133, 3150, 3158, 3173, 3185, 3201, 3215, 3240, 3248, 3270, 3283, 3292, 3307, 3331, 3357, 3370, 3388, 3400, 3418, 3447, 3465, 3485, 3515, 3536, 3561, 3591, 3616, 3647, 3679, 3709, 3731]

Geração: 11
Beta : 0.00977517
Gamma: 0.03030303
Avaliação Beta: 3750.04878
Avaliação Gamma: 3751.90244
NOTA: 266.59731
Número Básico de Reprodução (R0): 0.3225806132258061
Sucetiveis Simulação: [87160, 87137, 87110, 87084, 87058, 87027, 86997, 86975, 86948, 86919, 86900, 86877, 86844, 86822, 86788, 86754, 86720, 86698, 86667, 86636, 86611, 86577, 86543, 86515, 86472, 86447, 86414, 86384, 86336, 86301, 86268, 86232, 86193, 86165, 86124, 86081, 86031, 85992, 85959, 85918, 85876]
Infectados Simulação: [324, 340, 357, 374, 390, 406, 424, 434, 446, 460, 462, 473, 488, 498, 517, 532, 552, 551, 566, 581, 594, 609, 624, 633, 653, 657, 670, 671, 701, 710, 722, 735, 748, 743, 760, 779, 805, 827, 845, 860, 879]
Recuperados Simulação: [3013, 3020, 3030, 3039, 3049, 3064, 3076, 3088, 3103, 3118, 3135, 3147, 3165, 3177, 3192, 3211, 3225, 3248, 3264, 3280, 3292, 3311, 3330, 3349, 3372, 3393, 3413, 3442, 3460, 3486, 3507, 3530, 3556, 3589, 3613, 3637, 3661, 3678, 3693, 3719, 3742]

Geração: 23
Beta : 0.01075269
Gamma: 0.03030303
Avaliação Beta: 4007.63415
Avaliação Gamma: 3199.34146
NOTA: 277.50892
Número Básico de Reprodução (R0): 0.3548387735483877
Sucetiveis Simulação: [87160, 87135, 87113, 87093, 87076, 87047, 87023, 86999, 86977, 86956, 86932, 86898, 86868, 86835, 86808, 86776, 86744, 86706, 86672, 86636, 86597, 86568, 86534, 86501, 86468, 86436, 86401, 86370, 86332, 86288, 86251, 86214, 86175, 86134, 86090, 86051, 86021, 85979, 85934, 85891, 85845]
Infectados Simulação: [324, 338, 350, 360, 367, 384, 399, 410, 421, 428, 439, 454, 470, 490, 502, 517, 534, 563, 576, 599, 613, 618, 632, 646, 652, 668, 680, 700, 716, 735, 744, 758, 771, 783, 800, 802, 813, 828, 847, 859, 877]
Recuperados Simulação: [3013, 3024, 3034, 3044, 3054, 3066, 3075, 3088, 3099, 3113, 3126, 3145, 3159, 3172, 3187, 3204, 3219, 3228, 3249, 3262, 3287, 3311, 3331, 3350, 3377, 3393, 3416, 3427, 3449, 3474, 3502, 3525, 3551, 3580, 3607, 3644, 3663, 3690, 3716, 3747, 3775]

Geração: 56
Beta : 0.00977517
Gamma: 0.03030303
Avaliação Beta: 1483.95122
Avaliação Gamma: 5499.34146
NOTA: 286.39785
Número Básico de Reprodução (R0): 0.3225806132258061
Sucetiveis Simulação: [87160, 87133, 87110, 87093, 87059, 87043, 87025, 87001, 86979, 86962, 86947, 86925, 86900, 86875, 86844, 86813, 86789, 86757, 86729, 86697, 86671, 86644, 86613, 86584, 86549, 86514, 86469, 86434, 86408, 86381, 86354, 86320, 86286, 86242, 86206, 86175, 86155, 86118, 86092, 86059, 86020]
Infectados Simulação: [324, 337, 347, 350, 371, 375, 380, 392, 404, 408, 416, 424, 439, 447, 462, 482, 487, 503, 508, 525, 535, 546, 562, 572, 592, 605, 629, 648, 650, 656, 653, 664, 674, 695, 704, 715, 715, 730, 732, 739, 763]
Recuperados Simulação: [3013, 3027, 3040, 3054, 3067, 3079, 3092, 3104, 3114, 3127, 3134, 3148, 3158, 3175, 3191, 3202, 3221, 3237, 3260, 3275, 3291, 3307, 3322, 3341, 3356, 3378, 3399, 3415, 3439, 3460, 3490, 3513, 3537, 3560, 3587, 3607, 3627, 3649, 3673, 3699, 3714]

Geração: 69
Beta : 0.00977517
Gamma: 0.02932551
Avaliação Beta: 1835.29268
Avaliação Gamma: 4554.02439
NOTA: 313.0225
Número Básico de Reprodução (R0): 0.3333333333333333
Sucetiveis Simulação: [87160, 87140, 87118, 87093, 87075, 87043, 87018, 86985, 86959, 86942, 86916, 86891, 86856, 86835, 86809, 86781, 86754, 86725, 86689, 86653, 86629, 86598, 86559, 86539, 86505, 86480, 86449, 86415, 86377, 86348, 86316, 86291, 86257, 86224, 86187, 86143, 86096, 86066, 86033, 85988, 85946]
Infectados Simulação: [324, 336, 343, 355, 365, 388, 401, 418, 429, 427, 440, 448, 469, 465, 475, 488, 501, 515, 536, 550, 560, 576, 594, 594, 607, 616, 631, 645, 662, 663, 676, 680, 694, 705, 725, 741, 765, 770, 779, 803, 822]
Recuperados Simulação: [3013, 3021, 3036, 3049, 3057, 3066, 3078, 3094, 3109, 3128, 3141, 3158, 3172, 3197, 3213, 3228, 3242, 3257, 3272, 3294, 3308, 3323, 3344, 3364, 3385, 3401, 3417, 3437, 3458, 3486, 3505, 3526, 3546, 3568, 3585, 3613, 3636, 3661, 3685, 3706, 3729]

Geração: 140
Beta : 0.00977517
Gamma: 0.03030303
Avaliação Beta: 2094.68293
Avaliação Gamma: 3631.60976
NOTA: 349.26611
Número Básico de Reprodução (R0): 0.3225806132258061
Sucetiveis Simulação: [87160, 87132, 87111, 87082, 87055, 87031, 86999, 86971, 86955, 86929, 86899, 86881, 86864, 86840, 86815, 86773, 86743, 86716, 86681, 86648, 86615, 86583, 86547, 86521, 86496, 86465, 86437, 86403, 86374, 86337, 86302, 86269, 86226, 86190, 86141, 86094, 86066, 86031, 85996, 85956, 85912]
Infectados Simulação: [324, 339, 352, 369, 387, 398, 411, 428, 422, 432, 453, 463, 471, 479, 489, 516, 531, 543, 568, 576, 587, 598, 613, 619, 625, 631, 639, 652, 660, 677, 697, 707, 723, 742, 763, 781, 777, 787, 792, 807, 828]
Recuperados Simulação: [3013, 3026, 3034, 3046, 3055, 3068, 3087, 3098, 3120, 3136, 3145, 3153, 3162, 3178, 3193, 3208, 3223, 3238, 3248, 3273, 3295, 3316, 3337, 3357, 3376, 3401, 3421, 3442, 3463, 3483, 3498, 3521, 3548, 3565, 3593, 3622, 3654, 3679, 3709, 3734, 3757]

Geração: 190
Beta : 0.01075269
Gamma: 0.0400782
Avaliação Beta: 3028.95122
Avaliação Gamma: 2130.04878
NOTA: 387.67203
Número Básico de Reprodução (R0): 0.2682927376978008
Sucetiveis Simulação: [87160, 87142, 87125, 87103, 87084, 87064, 87048, 87016, 86992, 86972, 86945, 86919, 86895, 86867, 86845, 86818, 86793, 86764, 86738, 86709, 86676, 86650, 86611, 86590, 86558, 86524, 86495, 86456, 86416, 86382, 86349, 86314, 86283, 86250, 86221, 86185, 86158, 86130, 86098, 86062, 86036]
Infectados Simulação: [324, 329, 338, 349, 355, 369, 375, 388, 395, 405, 417, 429, 441, 451, 459, 472, 479, 483, 493, 502, 519, 527, 545, 544, 561, 573, 580, 599, 615, 628, 632, 641, 636, 636, 644, 651, 655, 654, 662, 672, 672]
Recuperados Simulação: [3013, 3026, 3034, 3045, 3058, 3064, 3074, 3093, 3110, 3120, 3135, 3149, 3161, 3179, 3193, 3207, 3225, 3250, 3266, 3286, 3302, 3320, 3341, 3363, 3378, 3400, 3422, 3442, 3466, 3487, 3516, 3542, 3578, 3611, 3632, 3661, 3684, 3713, 3737, 3763, 3789]

Geração: 191
Beta : 0.01075269
Gamma: 0.04203324
Avaliação Beta: 2372.12195
Avaliação Gamma: 2258.2439
NOTA: 431.93131
Número Básico de Reprodução (R0): 0.2558139700865315
Sucetiveis Simulação: [87160, 87144, 87116, 87086, 87053, 87025, 86995, 86968, 86937, 86909, 86882, 86843, 86823, 86798, 86777, 86740, 86711, 86686, 86653, 86620, 86593, 86569, 86534, 86494, 86458, 86427, 86395, 86360, 86330, 86297, 86255, 86221, 86181, 86137, 86110, 86077, 86039, 86004, 85965, 85924, 85885]
Infectados Simulação: [324, 331, 340, 362, 380, 386, 400, 404, 419, 429, 444, 468, 465, 470, 474, 488, 497, 505, 514, 520, 532, 535, 550, 567, 574, 577, 594, 596, 607, 616, 633, 637, 650, 665, 662, 665, 677, 685, 689, 699, 713]
Recuperados Simulação: [3013, 3022, 3041, 3049, 3064, 3086, 3102, 3125, 3141, 3159, 3171, 3186, 3209, 3229, 3246, 3269, 3289, 3306, 3330, 3357, 3372, 3393, 3413, 3436, 3465, 3493, 3508, 3541, 3560, 3584, 3609, 3639, 3666, 3695, 3725, 3755, 3781, 3808, 3843, 3874, 3899]

Geração: 194
Beta : 0.01075269
Gamma: 0.03812317
Avaliação Beta: 1900.0
Avaliação Gamma: 850.04878
NOTA: 727.25983
Número Básico de Reprodução (R0): 0.28205130895463315
Sucetiveis Simulação: [87160, 87135, 87113, 87081, 87058, 87032, 87009, 86984, 86953, 86912, 86890, 86862, 86841, 86815, 86786, 86750, 86725, 86704, 86675, 86639, 86602, 86577, 86555, 86516, 86488, 86451, 86417, 86383, 86349, 86307, 86261, 86220, 86183, 86152, 86114, 86069, 86032, 86000, 85954, 85903, 85855]
Infectados Simulação: [324, 337, 349, 365, 370, 378, 389, 395, 414, 438, 455, 467, 476, 488, 498, 512, 518, 520, 528, 543, 561, 563, 562, 577, 574, 586, 602, 603, 612, 629, 648, 662, 679, 688, 696, 710, 718, 717, 735, 765, 777]
Recuperados Simulação: [3013, 3025, 3035, 3051, 3069, 3087, 3099, 3118, 3130, 3147, 3152, 3168, 3180, 3194, 3213, 3235, 3254, 3273, 3294, 3315, 3334, 3357, 3380, 3404, 3435, 3460, 3478, 3511, 3536, 3561, 3588, 3615, 3635, 3657, 3687, 3718, 3747, 3780, 3808, 3829, 3865]

Geração: 196
Beta : 0.01075269
Gamma: 0.03812317
Avaliação Beta: 870.29268
Avaliação Gamma: 711.68293
NOTA: 1264.24199
Número Básico de Reprodução (R0): 0.28205130895463315
Sucetiveis Simulação: [87160, 87138, 87116, 87093, 87073, 87047, 87024, 87004, 86974, 86932, 86902, 86880, 86854, 86821, 86790, 86767, 86737, 86702, 86673, 86637, 86601, 86568, 86535, 86502, 86467, 86433, 86401, 86366, 86340, 86303, 86268, 86232, 86185, 86146, 86118, 86076, 86053, 86019, 85990, 85952, 85916]
Infectados Simulação: [324, 333, 348, 361, 372, 381, 390, 402, 418, 444, 454, 464, 469, 480, 491, 496, 510, 531, 542, 554, 566, 576, 592, 604, 610, 625, 637, 642, 643, 652, 661, 668, 690, 702, 706, 702, 702, 714, 717, 726, 729]
Recuperados Simulação: [3013, 3026, 3033, 3043, 3052, 3069, 3083, 3091, 3105, 3121, 3141, 3153, 3174, 3196, 3216, 3234, 3250, 3264, 3282, 3306, 3330, 3353, 3370, 3391, 3420, 3439, 3459, 3489, 3514, 3542, 3568, 3597, 3622, 3649, 3673, 3719, 3742, 3764, 3790, 3819, 3852]

Geração: 215
Beta : 0.01075269
Gamma: 0.03714565
Avaliação Beta: 925.78049
Avaliação Gamma: 653.58537
NOTA: 1266.33103
Número Básico de Reprodução (R0): 0.28947373380193914
Sucetiveis Simulação: [87160, 87144, 87128, 87110, 87077, 87048, 87033, 87008, 86981, 86956, 86916, 86882, 86848, 86818, 86791, 86756, 86724, 86683, 86660, 86630, 86600, 86567, 86527, 86497, 86462, 86426, 86403, 86378, 86349, 86316, 86289, 86245, 86207, 86168, 86126, 86084, 86044, 86003, 85964, 85931, 85903]
Infectados Simulação: [324, 330, 339, 346, 372, 387, 390, 398, 411, 419, 431, 446, 465, 470, 477, 504, 521, 540, 547, 561, 572, 589, 606, 614, 618, 636, 633, 637, 634, 644, 643, 661, 678, 672, 690, 703, 713, 717, 728, 734, 729]
Recuperados Simulação: [3013, 3023, 3030, 3041, 3048, 3062, 3074, 3091, 3105, 3122, 3150, 3169, 3184, 3209, 3229, 3237, 3252, 3274, 3290, 3306, 3325, 3341, 3364, 3386, 3417, 3435, 3461, 3482, 3514, 3537, 3565, 3591, 3612, 3657, 3681, 3710, 3740, 3777, 3805, 3832, 3865]


Melhor Solução Encontrada:
Geração: 215
Beta : 0.01075269
Gamma: 0.03714565
Avaliação Beta: 925.78049
Avaliação Gamma: 653.58537
NOTA: 1266.33103
Sucetiveis Simulação: [87160, 87144, 87128, 87110, 87077, 87048, 87033, 87008, 86981, 86956, 86916, 86882, 86848, 86818, 86791, 86756, 86724, 86683, 86660, 86630, 86600, 86567, 86527, 86497, 86462, 86426, 86403, 86378, 86349, 86316, 86289, 86245, 86207, 86168, 86126, 86084, 86044, 86003, 85964, 85931, 85903]
Infectados Simulação: [324, 330, 339, 346, 372, 387, 390, 398, 411, 419, 431, 446, 465, 470, 477, 504, 521, 540, 547, 561, 572, 589, 606, 614, 618, 636, 633, 637, 634, 644, 643, 661, 678, 672, 690, 703, 713, 717, 728, 734, 729]
Recuperados Simulação: [3013, 3023, 3030, 3041, 3048, 3062, 3074, 3091, 3105, 3122, 3150, 3169, 3184, 3209, 3229, 3237, 3252, 3274, 3290, 3306, 3325, 3341, 3364, 3386, 3417, 3435, 3461, 3482, 3514, 3537, 3565, 3591, 3612, 3657, 3681, 3710, 3740, 3777, 3805, 3832, 3865]

Tempo de Execução: 27818.386276245117 segundos