########################################
            Configuração AG
########################################

Tamanho População: 20
Número de Gerações: 300
Bits Cromossomo: 10
Dias: 41
Taxa de Mutação: 0.05
Quantidade de nós: 90497
Nós infectados: [21791, 22087, 13894, 1028, 18243, 23890, 76505, 90115, 85085, 84000, 80407, 68678, 27725, 33879, 27850, 32962, 83472, 52879, 38951, 29120, 82197, 42843, 66946, 40465, 33833, 2970, 89974, 58421, 707, 703, 70816, 5193, 90142, 44450, 32811, 66054, 61114, 88677, 83187, 37722, 48559, 55728, 3447, 16360, 55171, 71336, 33274, 59678, 42886, 53411, 51069, 59385, 21003, 37616, 56014, 34717, 39068, 7646, 3817, 24725, 10528, 6553, 89449, 79497, 62402, 27485, 82879, 67322, 25774, 2307, 49767, 154, 43673, 72450, 7489, 17457, 70074, 68985, 34703, 85972, 62383, 67169, 55522, 66697, 52278, 86609, 77743, 5823, 82431, 12682, 14662, 43839, 87190, 38418, 40207, 39711, 39603, 4360, 12115, 16704, 9262, 13021, 64742, 3663, 17647, 69783, 33856, 20623, 27166, 80455, 20401, 43596, 28150, 87483, 22530, 29408, 9507, 15901, 27339, 82821, 15558, 73509, 7025, 82423, 63685, 68041, 49995, 65086, 46000, 87880, 58834, 79168, 44181, 35510, 69851, 63909, 83972, 22959, 3456, 5442, 25226, 75807, 78161, 16603, 75450, 83027, 6871, 21006, 51016, 62205, 37636, 43939, 30562, 49607, 67452, 20850, 53340, 27381, 7397, 61891, 83982, 56468, 34389, 40672, 51584, 57777, 30487, 10224, 51814, 17415, 20814, 5275, 26164, 7164, 56678, 64318, 33883, 69437, 33594, 69226, 58149, 32614, 80051, 32064, 5816, 41083, 45498, 83755, 53650, 9162, 40117, 43512, 69905, 51208, 66600, 67936, 5079, 12882, 50181, 18108, 81611, 86922, 1561, 34058, 55933, 72085, 21846, 11946, 44858, 72810, 52871, 53585, 29317, 74397, 51033, 24385, 62124, 80374, 87573, 55561, 76928, 28591, 13677, 63125, 12278, 52338, 75627, 28026, 64577, 20214, 61453, 32650, 34916, 27993, 1953, 80695, 80556, 85816, 75801, 58658, 5530, 68082, 43572, 46209, 60766, 69781, 37599, 4869, 86617, 71466, 77316, 21203, 86676, 49085, 5095, 9116, 17400, 18564, 1153, 87914, 50343, 60779, 20720, 89333, 14965, 32510, 82698, 48986, 50344, 37774, 40644, 85664, 22263, 74126, 78202, 84224, 76194, 2094, 57317, 67485, 68174, 57965, 15896, 5645, 61745, 38893, 7589, 71425, 47254, 17643, 50644, 21858, 41136, 40538, 12409, 24042, 10995, 29123, 77890, 11395, 52667, 28393, 90306, 12201, 75834, 8215, 41887, 48887, 31207, 56298, 75365, 64597, 18251, 71272, 64652, 15309, 37601, 1192, 71755, 49378, 61561, 29284, 51463, 57260]
Probabilidae de criação de aresta: 7e-05
Nome do arquivo de amostra: dados_sjdr_12_03_2021__22_04_2021.csv
Grau médio dos nós: 6.319082400521564

########################################
     Evolução da solução encontrada
########################################

Geração: 1
Beta : 0.01759531
Gamma: 0.47214076
Avaliação Beta: 318045.80488
Avaliação Gamma: 59047.31707
NOTA: 5.30373
Número Básico de Reprodução (R0): 0.03726708534971647
Sucetiveis Simulação: [87160, 87118, 87099, 87088, 87083, 87080, 87078, 87076, 87075, 87073, 87072, 87072, 87072, 87072, 87072, 87072, 87072, 87072, 87072, 87072, 87072, 87072, 87072, 87072, 87072, 87072, 87072, 87072, 87072, 87072, 87072, 87072, 87072, 87072, 87072, 87072, 87072, 87072, 87072, 87072, 87072]
Infectados Simulação: [324, 208, 131, 87, 48, 27, 18, 16, 11, 7, 4, 2, 1, 0, 0, 0, 0, 0, 0, 0, 0, 0, 0, 0, 0, 0, 0, 0, 0, 0, 0, 0, 0, 0, 0, 0, 0, 0, 0, 0, 0]
Recuperados Simulação: [3013, 3171, 3267, 3322, 3366, 3390, 3401, 3405, 3411, 3417, 3421, 3423, 3424, 3425, 3425, 3425, 3425, 3425, 3425, 3425, 3425, 3425, 3425, 3425, 3425, 3425, 3425, 3425, 3425, 3425, 3425, 3425, 3425, 3425, 3425, 3425, 3425, 3425, 3425, 3425, 3425]

Geração: 2
Beta : 0.01955034
Gamma: 0.38416422
Avaliação Beta: 312634.65854
Avaliação Gamma: 56404.17073
NOTA: 5.41948
Número Básico de Reprodução (R0): 0.05089058007536464
Sucetiveis Simulação: [87160, 87128, 87105, 87079, 87063, 87049, 87042, 87037, 87032, 87030, 87027, 87026, 87025, 87024, 87023, 87023, 87022, 87021, 87020, 87019, 87018, 87018, 87017, 87017, 87017, 87017, 87017, 87017, 87017, 87017, 87017, 87017, 87017, 87017, 87017, 87017, 87017, 87017, 87017, 87017, 87017]
Infectados Simulação: [324, 231, 170, 138, 95, 69, 49, 35, 21, 16, 13, 8, 8, 8, 6, 6, 7, 7, 4, 5, 3, 3, 4, 2, 1, 0, 0, 0, 0, 0, 0, 0, 0, 0, 0, 0, 0, 0, 0, 0, 0]
Recuperados Simulação: [3013, 3138, 3222, 3280, 3339, 3379, 3406, 3425, 3444, 3451, 3457, 3463, 3464, 3465, 3468, 3468, 3468, 3469, 3473, 3473, 3476, 3476, 3476, 3478, 3479, 3480, 3480, 3480, 3480, 3480, 3480, 3480, 3480, 3480, 3480, 3480, 3480, 3480, 3480, 3480, 3480]

Geração: 3
Beta : 0.00391007
Gamma: 0.13294233
Avaliação Beta: 276968.78049
Avaliação Gamma: 38985.5122
NOTA: 6.33003
Número Básico de Reprodução (R0): 0.02941177576773327
Sucetiveis Simulação: [87160, 87150, 87147, 87139, 87134, 87129, 87122, 87119, 87113, 87107, 87104, 87103, 87101, 87098, 87094, 87093, 87090, 87090, 87089, 87089, 87086, 87085, 87085, 87085, 87084, 87083, 87081, 87081, 87079, 87079, 87079, 87078, 87078, 87077, 87077, 87077, 87077, 87077, 87077, 87077, 87077]
Infectados Simulação: [324, 288, 267, 233, 209, 186, 168, 147, 128, 120, 107, 91, 82, 74, 64, 60, 56, 50, 46, 42, 42, 35, 32, 30, 28, 27, 25, 24, 24, 20, 16, 16, 13, 12, 12, 12, 9, 8, 7, 7, 5]
Recuperados Simulação: [3013, 3059, 3083, 3125, 3154, 3182, 3207, 3231, 3256, 3270, 3286, 3303, 3314, 3325, 3339, 3344, 3351, 3357, 3362, 3366, 3369, 3377, 3380, 3382, 3385, 3387, 3391, 3392, 3394, 3398, 3402, 3403, 3406, 3408, 3408, 3408, 3411, 3412, 3413, 3413, 3415]

Geração: 9
Beta : 0.01173021
Gamma: 0.09677419
Avaliação Beta: 189625.14634
Avaliação Gamma: 21883.56098
NOTA: 9.45588
Número Básico de Reprodução (R0): 0.1212121744444464
Sucetiveis Simulação: [87160, 87139, 87116, 87092, 87070, 87049, 87032, 87008, 86982, 86964, 86954, 86943, 86926, 86908, 86889, 86881, 86859, 86848, 86836, 86818, 86805, 86793, 86787, 86778, 86773, 86768, 86749, 86737, 86729, 86722, 86717, 86710, 86707, 86701, 86698, 86695, 86688, 86685, 86684, 86680, 86675]
Infectados Simulação: [324, 319, 311, 302, 295, 286, 288, 287, 281, 266, 244, 229, 224, 215, 217, 207, 206, 195, 180, 176, 169, 158, 148, 141, 135, 122, 126, 127, 120, 119, 111, 108, 99, 89, 86, 80, 80, 79, 76, 74, 74]
Recuperados Simulação: [3013, 3039, 3070, 3103, 3132, 3162, 3177, 3202, 3234, 3267, 3299, 3325, 3347, 3374, 3391, 3409, 3432, 3454, 3481, 3503, 3523, 3546, 3562, 3578, 3589, 3607, 3622, 3633, 3648, 3656, 3669, 3679, 3691, 3707, 3713, 3722, 3729, 3733, 3737, 3743, 3748]

Geração: 35
Beta : 0.0058651
Gamma: 0.05669599
Avaliação Beta: 176308.14634
Avaliação Gamma: 26480.90244
NOTA: 9.86247
Número Básico de Reprodução (R0): 0.10344823328775103
Sucetiveis Simulação: [87160, 87154, 87143, 87133, 87124, 87118, 87104, 87096, 87086, 87080, 87076, 87067, 87061, 87055, 87047, 87041, 87035, 87029, 87022, 87015, 87006, 87003, 87000, 86990, 86981, 86977, 86972, 86970, 86967, 86963, 86960, 86955, 86954, 86951, 86945, 86944, 86941, 86934, 86928, 86925, 86923]
Infectados Simulação: [324, 309, 295, 280, 272, 263, 261, 254, 243, 242, 235, 236, 225, 219, 216, 213, 205, 203, 195, 186, 183, 177, 164, 167, 166, 160, 156, 148, 140, 134, 126, 123, 120, 119, 118, 111, 104, 107, 103, 101, 93]
Recuperados Simulação: [3013, 3034, 3059, 3084, 3101, 3116, 3132, 3147, 3168, 3175, 3186, 3194, 3211, 3223, 3234, 3243, 3257, 3265, 3280, 3296, 3308, 3317, 3333, 3340, 3350, 3360, 3369, 3379, 3390, 3400, 3411, 3419, 3423, 3427, 3434, 3442, 3452, 3456, 3466, 3471, 3481]

Geração: 36
Beta : 0.01368524
Gamma: 0.10459433
Avaliação Beta: 170552.34146
Avaliação Gamma: 28732.36585
NOTA: 10.03589
Número Básico de Reprodução (R0): 0.13084112685649404
Sucetiveis Simulação: [87160, 87136, 87110, 87085, 87059, 87036, 87013, 86989, 86973, 86950, 86931, 86908, 86886, 86868, 86848, 86832, 86813, 86803, 86784, 86767, 86749, 86741, 86731, 86719, 86710, 86698, 86686, 86670, 86660, 86654, 86647, 86633, 86623, 86612, 86605, 86594, 86584, 86577, 86564, 86553, 86546]
Infectados Simulação: [324, 310, 309, 301, 307, 307, 299, 289, 268, 270, 261, 251, 241, 236, 233, 218, 213, 198, 202, 199, 194, 183, 172, 171, 165, 162, 152, 155, 145, 126, 120, 122, 119, 120, 121, 118, 123, 118, 123, 118, 115]
Recuperados Simulação: [3013, 3051, 3078, 3111, 3131, 3154, 3185, 3219, 3256, 3277, 3305, 3338, 3370, 3393, 3416, 3447, 3471, 3496, 3511, 3531, 3554, 3573, 3594, 3607, 3622, 3637, 3659, 3672, 3692, 3717, 3730, 3742, 3755, 3765, 3771, 3785, 3790, 3802, 3810, 3826, 3836]

Geração: 37
Beta : 0.01368524
Gamma: 0.10459433
Avaliação Beta: 169044.85366
Avaliação Gamma: 26877.73171
NOTA: 10.20811
Número Básico de Reprodução (R0): 0.13084112685649404
Sucetiveis Simulação: [87160, 87136, 87109, 87082, 87061, 87037, 87014, 86999, 86981, 86962, 86936, 86911, 86889, 86868, 86856, 86837, 86827, 86806, 86793, 86778, 86762, 86752, 86748, 86732, 86720, 86712, 86706, 86694, 86683, 86663, 86643, 86628, 86618, 86605, 86602, 86591, 86581, 86570, 86560, 86552, 86544]
Infectados Simulação: [324, 321, 315, 297, 289, 283, 276, 268, 260, 255, 259, 253, 251, 247, 234, 231, 220, 211, 200, 193, 184, 172, 161, 158, 156, 144, 134, 134, 140, 148, 148, 149, 142, 138, 126, 127, 124, 124, 128, 121, 114]
Recuperados Simulação: [3013, 3040, 3073, 3118, 3147, 3177, 3207, 3230, 3256, 3280, 3302, 3333, 3357, 3382, 3407, 3429, 3450, 3480, 3504, 3526, 3551, 3573, 3588, 3607, 3621, 3641, 3657, 3669, 3674, 3686, 3706, 3720, 3737, 3754, 3769, 3779, 3792, 3803, 3809, 3824, 3839]

Geração: 38
Beta : 0.01270772
Gamma: 0.04203324
Avaliação Beta: 8268.14634
Avaliação Gamma: 2879.43902
NOTA: 179.41105
Número Básico de Reprodução (R0): 0.3023254928718319
Sucetiveis Simulação: [87160, 87139, 87111, 87089, 87069, 87041, 87013, 86990, 86965, 86934, 86895, 86865, 86828, 86789, 86752, 86717, 86676, 86641, 86605, 86572, 86537, 86500, 86453, 86411, 86371, 86336, 86293, 86256, 86212, 86162, 86114, 86057, 86024, 85972, 85915, 85868, 85801, 85734, 85671, 85606, 85551]
Infectados Simulação: [324, 329, 341, 350, 354, 375, 384, 385, 397, 405, 430, 445, 466, 489, 509, 529, 545, 558, 575, 584, 596, 608, 633, 641, 660, 671, 687, 704, 721, 737, 750, 771, 773, 799, 826, 837, 886, 912, 933, 954, 967]
Recuperados Simulação: [3013, 3029, 3045, 3058, 3074, 3081, 3100, 3122, 3135, 3158, 3172, 3187, 3203, 3219, 3236, 3251, 3276, 3298, 3317, 3341, 3364, 3389, 3411, 3445, 3466, 3490, 3517, 3537, 3564, 3598, 3633, 3669, 3700, 3726, 3756, 3792, 3810, 3851, 3893, 3937, 3979]

Geração: 40
Beta : 0.01173021
Gamma: 0.04203324
Avaliação Beta: 1813.7561
Avaliação Gamma: 1587.80488
NOTA: 587.96535
Número Básico de Reprodução (R0): 0.2790698504326576
Sucetiveis Simulação: [87160, 87144, 87120, 87096, 87066, 87042, 87018, 86984, 86957, 86931, 86906, 86876, 86852, 86818, 86787, 86753, 86728, 86701, 86673, 86644, 86609, 86569, 86536, 86498, 86467, 86423, 86386, 86348, 86320, 86289, 86259, 86219, 86183, 86146, 86111, 86083, 86034, 85987, 85956, 85912, 85873]
Infectados Simulação: [324, 324, 334, 345, 360, 364, 380, 405, 417, 426, 431, 439, 438, 454, 469, 488, 495, 503, 508, 515, 525, 547, 554, 565, 579, 600, 611, 622, 635, 638, 640, 658, 656, 658, 665, 664, 682, 692, 703, 713, 718]
Recuperados Simulação: [3013, 3029, 3043, 3056, 3071, 3091, 3099, 3108, 3123, 3140, 3160, 3182, 3207, 3225, 3241, 3256, 3274, 3293, 3316, 3338, 3363, 3381, 3407, 3434, 3451, 3474, 3500, 3527, 3542, 3570, 3598, 3620, 3658, 3693, 3721, 3750, 3781, 3818, 3838, 3872, 3906]

Geração: 43
Beta : 0.01173021
Gamma: 0.04203324
Avaliação Beta: 1576.43902
Avaliação Gamma: 1546.78049
NOTA: 640.36485
Número Básico de Reprodução (R0): 0.2790698504326576
Sucetiveis Simulação: [87160, 87137, 87115, 87092, 87066, 87036, 87013, 86979, 86955, 86929, 86901, 86873, 86842, 86812, 86781, 86750, 86718, 86688, 86659, 86625, 86594, 86551, 86515, 86487, 86455, 86425, 86387, 86344, 86309, 86271, 86235, 86192, 86147, 86114, 86078, 86036, 85992, 85950, 85905, 85867, 85815]
Infectados Simulação: [324, 334, 346, 356, 371, 388, 400, 418, 429, 435, 446, 458, 472, 480, 484, 496, 503, 507, 518, 535, 545, 563, 577, 572, 583, 593, 608, 625, 634, 644, 657, 668, 682, 688, 696, 714, 732, 740, 746, 745, 768]
Recuperados Simulação: [3013, 3026, 3036, 3049, 3060, 3073, 3084, 3100, 3113, 3133, 3150, 3166, 3183, 3205, 3232, 3251, 3276, 3302, 3320, 3337, 3358, 3383, 3405, 3438, 3459, 3479, 3502, 3528, 3554, 3582, 3605, 3637, 3668, 3695, 3723, 3747, 3773, 3807, 3846, 3885, 3914]

Geração: 44
Beta : 0.01173021
Gamma: 0.04203324
Avaliação Beta: 1305.82927
Avaliação Gamma: 1690.68293
NOTA: 667.44264
Número Básico de Reprodução (R0): 0.2790698504326576
Sucetiveis Simulação: [87160, 87136, 87113, 87078, 87046, 87013, 86991, 86960, 86928, 86904, 86882, 86856, 86831, 86794, 86770, 86745, 86717, 86688, 86642, 86602, 86561, 86520, 86486, 86453, 86419, 86398, 86370, 86331, 86294, 86252, 86208, 86171, 86135, 86106, 86066, 86023, 85978, 85947, 85896, 85846, 85797]
Infectados Simulação: [324, 338, 355, 378, 395, 411, 408, 421, 436, 442, 449, 458, 472, 484, 487, 485, 497, 505, 536, 556, 579, 601, 618, 618, 617, 627, 627, 636, 644, 660, 678, 693, 693, 694, 711, 724, 734, 743, 756, 767, 784]
Recuperados Simulação: [3013, 3023, 3029, 3041, 3056, 3073, 3098, 3116, 3133, 3151, 3166, 3183, 3194, 3219, 3240, 3267, 3283, 3304, 3319, 3339, 3357, 3376, 3393, 3426, 3461, 3472, 3500, 3530, 3559, 3585, 3611, 3633, 3669, 3697, 3720, 3750, 3785, 3807, 3845, 3884, 3916]

Geração: 47
Beta : 0.01173021
Gamma: 0.03910068
Avaliação Beta: 2233.0
Avaliação Gamma: 396.19512
NOTA: 760.68907
Número Básico de Reprodução (R0): 0.30000015345001674
Sucetiveis Simulação: [87160, 87144, 87123, 87098, 87084, 87058, 87035, 87009, 86995, 86967, 86946, 86917, 86888, 86849, 86819, 86787, 86751, 86712, 86676, 86638, 86599, 86573, 86535, 86507, 86467, 86427, 86382, 86334, 86291, 86262, 86209, 86169, 86126, 86079, 86037, 85990, 85944, 85901, 85851, 85804, 85754]
Infectados Simulação: [324, 326, 334, 350, 351, 365, 371, 384, 389, 406, 409, 429, 437, 461, 473, 485, 502, 521, 543, 562, 577, 580, 595, 604, 616, 639, 647, 671, 686, 696, 713, 725, 741, 759, 758, 768, 778, 785, 808, 823, 844]
Recuperados Simulação: [3013, 3027, 3040, 3049, 3062, 3074, 3091, 3104, 3113, 3124, 3142, 3151, 3172, 3187, 3205, 3225, 3244, 3264, 3278, 3297, 3321, 3344, 3367, 3386, 3414, 3431, 3468, 3492, 3520, 3539, 3575, 3603, 3630, 3659, 3702, 3739, 3775, 3811, 3838, 3870, 3899]

Geração: 55
Beta : 0.01173021
Gamma: 0.04105572
Avaliação Beta: 1994.56098
Avaliação Gamma: 524.92683
NOTA: 793.81214
Número Básico de Reprodução (R0): 0.285714390102037
Sucetiveis Simulação: [87160, 87148, 87121, 87099, 87069, 87051, 87018, 86993, 86967, 86940, 86915, 86888, 86869, 86840, 86812, 86785, 86751, 86728, 86693, 86662, 86622, 86587, 86564, 86531, 86491, 86448, 86409, 86370, 86340, 86292, 86243, 86209, 86173, 86128, 86066, 86025, 85988, 85938, 85888, 85847, 85799]
Infectados Simulação: [324, 324, 336, 344, 361, 370, 385, 395, 408, 421, 433, 450, 449, 460, 471, 478, 496, 497, 506, 514, 536, 551, 559, 570, 589, 604, 621, 637, 635, 656, 675, 677, 683, 699, 728, 741, 752, 772, 784, 788, 798]
Recuperados Simulação: [3013, 3025, 3040, 3054, 3067, 3076, 3094, 3109, 3122, 3136, 3149, 3159, 3179, 3197, 3214, 3234, 3250, 3272, 3298, 3321, 3339, 3359, 3374, 3396, 3417, 3445, 3467, 3490, 3522, 3549, 3579, 3611, 3641, 3670, 3703, 3731, 3757, 3787, 3825, 3862, 3900]

Geração: 59
Beta : 0.01173021
Gamma: 0.04105572
Avaliação Beta: 1122.80488
Avaliação Gamma: 1093.73171
NOTA: 902.30859
Número Básico de Reprodução (R0): 0.285714390102037
Sucetiveis Simulação: [87160, 87134, 87107, 87084, 87049, 87031, 87009, 86984, 86960, 86931, 86903, 86876, 86855, 86827, 86799, 86764, 86729, 86689, 86656, 86623, 86589, 86549, 86512, 86464, 86429, 86393, 86358, 86319, 86277, 86228, 86193, 86164, 86121, 86092, 86050, 86012, 85963, 85929, 85878, 85833, 85787]
Infectados Simulação: [324, 335, 352, 364, 384, 391, 404, 414, 418, 427, 439, 450, 459, 471, 487, 501, 519, 523, 545, 551, 561, 582, 606, 633, 646, 650, 654, 662, 680, 695, 697, 693, 708, 709, 713, 722, 743, 739, 766, 776, 796]
Recuperados Simulação: [3013, 3028, 3038, 3049, 3064, 3075, 3084, 3099, 3119, 3139, 3155, 3171, 3183, 3199, 3211, 3232, 3249, 3285, 3296, 3323, 3347, 3366, 3379, 3400, 3422, 3454, 3485, 3516, 3540, 3574, 3607, 3640, 3668, 3696, 3734, 3763, 3791, 3829, 3853, 3888, 3914]

Geração: 72
Beta : 0.01173021
Gamma: 0.03910068
Avaliação Beta: 1116.2439
Avaliação Gamma: 515.68293
NOTA: 1225.54514
Número Básico de Reprodução (R0): 0.30000015345001674
Sucetiveis Simulação: [87160, 87133, 87114, 87092, 87069, 87047, 87023, 86997, 86964, 86930, 86906, 86872, 86845, 86817, 86791, 86765, 86738, 86707, 86678, 86638, 86602, 86564, 86536, 86506, 86470, 86436, 86397, 86369, 86341, 86295, 86252, 86211, 86177, 86140, 86099, 86061, 86013, 85976, 85934, 85884, 85838]
Infectados Simulação: [324, 340, 343, 355, 368, 378, 388, 401, 418, 438, 445, 465, 470, 478, 487, 497, 507, 518, 531, 557, 572, 593, 595, 604, 614, 625, 638, 640, 644, 667, 684, 689, 693, 707, 722, 732, 750, 750, 758, 774, 781]
Recuperados Simulação: [3013, 3024, 3040, 3050, 3060, 3072, 3086, 3099, 3115, 3129, 3146, 3160, 3182, 3202, 3219, 3235, 3252, 3272, 3288, 3302, 3323, 3340, 3366, 3387, 3413, 3436, 3462, 3488, 3512, 3535, 3561, 3597, 3627, 3650, 3676, 3704, 3734, 3771, 3805, 3839, 3878]


Melhor Solução Encontrada:
Geração: 72
Beta : 0.01173021
Gamma: 0.03910068
Avaliação Beta: 1116.2439
Avaliação Gamma: 515.68293
NOTA: 1225.54514
Sucetiveis Simulação: [87160, 87133, 87114, 87092, 87069, 87047, 87023, 86997, 86964, 86930, 86906, 86872, 86845, 86817, 86791, 86765, 86738, 86707, 86678, 86638, 86602, 86564, 86536, 86506, 86470, 86436, 86397, 86369, 86341, 86295, 86252, 86211, 86177, 86140, 86099, 86061, 86013, 85976, 85934, 85884, 85838]
Infectados Simulação: [324, 340, 343, 355, 368, 378, 388, 401, 418, 438, 445, 465, 470, 478, 487, 497, 507, 518, 531, 557, 572, 593, 595, 604, 614, 625, 638, 640, 644, 667, 684, 689, 693, 707, 722, 732, 750, 750, 758, 774, 781]
Recuperados Simulação: [3013, 3024, 3040, 3050, 3060, 3072, 3086, 3099, 3115, 3129, 3146, 3160, 3182, 3202, 3219, 3235, 3252, 3272, 3288, 3302, 3323, 3340, 3366, 3387, 3413, 3436, 3462, 3488, 3512, 3535, 3561, 3597, 3627, 3650, 3676, 3704, 3734, 3771, 3805, 3839, 3878]

Tempo de Execução: 25044.916900396347 segundos