########################################
            Simulação
########################################

Beta: 0.01173
Gamma: 0.04007
Dias: 365
Número Máximo de Infectados: 6199
Dia Ocorrido: 175

Suscetíveis simulação: [89812, 89764, 89711, 89654, 89597, 89553, 89513, 89455, 89406, 89344, 89298, 89240, 89175, 89129, 89061, 88980, 88935, 88862, 88796, 88730, 88657, 88592, 88527, 88444, 88375, 88300, 88222, 88154, 88087, 88004, 87920, 87838, 87739, 87643, 87560, 87474, 87387, 87297, 87199, 87099, 87009, 86904, 86804, 86690, 86593, 86495, 86392, 86287, 86168, 86038, 85931, 85824, 85699, 85574, 85456, 85323, 85201, 85080, 84945, 84804, 84681, 84551, 84398, 84266, 84122, 83973, 83824, 83689, 83540, 83393, 83254, 83107, 82951, 82779, 82623, 82477, 82306, 82153, 81976, 81817, 81643, 81461, 81305, 81140, 80931, 80750, 80572, 80400, 80187, 80005, 79814, 79634, 79440, 79251, 79069, 78893, 78691, 78489, 78281, 78100, 77892, 77675, 77468, 77261, 77029, 76826, 76594, 76383, 76156, 75907, 75694, 75451, 75237, 75011, 74777, 74551, 74323, 74117, 73867, 73617, 73362, 73098, 72826, 72577, 72333, 72061, 71829, 71577, 71310, 71053, 70784, 70524, 70278, 70041, 69771, 69485, 69217, 68958, 68703, 68475, 68203, 67970, 67714, 67440, 67165, 66920, 66657, 66397, 66133, 65883, 65629, 65392, 65121, 64885, 64649, 64414, 64167, 63900, 63621, 63388, 63136, 62858, 62621, 62351, 62102, 61851, 61590, 61365, 61119, 60867, 60631, 60406, 60149, 59899, 59630, 59396, 59171, 58933, 58710, 58486, 58255, 58006, 57786, 57562, 57352, 57146, 56925, 56700, 56513, 56292, 56079, 55861, 55658, 55472, 55294, 55103, 54885, 54696, 54500, 54318, 54150, 53951, 53776, 53601, 53414, 53236, 53055, 52879, 52715, 52549, 52382, 52231, 52084, 51908, 51756, 51590, 51444, 51278, 51134, 50996, 50852, 50696, 50547, 50397, 50260, 50118, 49975, 49860, 49724, 49586, 49445, 49336, 49213, 49081, 48963, 48839, 48711, 48575, 48464, 48341, 48230, 48111, 48011, 47915, 47817, 47719, 47618, 47527, 47418, 47340, 47246, 47153, 47068, 46982, 46894, 46820, 46745, 46670, 46600, 46520, 46449, 46359, 46282, 46193, 46120, 46043, 45972, 45900, 45837, 45766, 45698, 45645, 45575, 45493, 45437, 45374, 45322, 45264, 45202, 45143, 45092, 45036, 44983, 44937, 44880, 44822, 44782, 44744, 44698, 44652, 44611, 44570, 44534, 44485, 44443, 44403, 44366, 44336, 44296, 44261, 44227, 44190, 44157, 44121, 44082, 44052, 44008, 43972, 43934, 43912, 43874, 43835, 43804, 43775, 43749, 43718, 43690, 43656, 43625, 43594, 43567, 43536, 43500, 43477, 43454, 43414, 43385, 43347, 43318, 43291, 43268, 43248, 43224, 43197, 43165, 43143, 43115, 43095, 43077, 43055, 43031, 43006, 42987, 42959, 42947, 42930, 42911, 42887, 42858, 42829, 42807, 42790, 42763, 42749, 42732, 42711, 42695, 42678, 42655, 42637, 42629, 42613, 42593, 42576, 42557]

Infectados simulação: [685, 699, 714, 732, 760, 773, 773, 797, 813, 843, 857, 887, 917, 917, 947, 986, 1001, 1030, 1043, 1072, 1098, 1119, 1128, 1166, 1193, 1218, 1253, 1274, 1279, 1303, 1341, 1377, 1425, 1462, 1487, 1505, 1542, 1573, 1609, 1643, 1661, 1701, 1711, 1739, 1768, 1799, 1824, 1858, 1899, 1938, 1954, 1977, 2017, 2043, 2083, 2115, 2162, 2202, 2242, 2279, 2314, 2338, 2404, 2435, 2478, 2521, 2558, 2590, 2636, 2675, 2709, 2744, 2814, 2868, 2920, 2950, 2986, 3012, 3037, 3085, 3127, 3179, 3220, 3269, 3327, 3381, 3422, 3454, 3531, 3586, 3642, 3676, 3717, 3772, 3793, 3811, 3849, 3895, 3947, 3960, 3978, 4054, 4094, 4141, 4215, 4247, 4329, 4373, 4410, 4484, 4513, 4562, 4604, 4656, 4709, 4760, 4797, 4790, 4850, 4881, 4908, 4973, 5026, 5092, 5120, 5169, 5195, 5242, 5300, 5361, 5404, 5444, 5465, 5490, 5567, 5621, 5670, 5704, 5726, 5754, 5775, 5771, 5791, 5823, 5874, 5908, 5967, 5977, 5978, 5982, 6003, 5995, 6047, 6051, 6026, 6002, 6019, 6071, 6106, 6107, 6105, 6127, 6125, 6141, 6155, 6145, 6176, 6148, 6150, 6154, 6150, 6128, 6143, 6162, 6199, 6174, 6138, 6169, 6125, 6084, 6072, 6077, 6016, 5999, 5960, 5937, 5920, 5901, 5850, 5857, 5823, 5773, 5719, 5681, 5611, 5596, 5593, 5545, 5519, 5474, 5415, 5420, 5355, 5323, 5273, 5244, 5197, 5145, 5128, 5089, 5053, 4996, 4916, 4922, 4873, 4833, 4769, 4737, 4686, 4616, 4550, 4545, 4506, 4468, 4418, 4393, 4353, 4271, 4234, 4208, 4185, 4111, 4050, 4002, 3967, 3937, 3898, 3887, 3837, 3802, 3760, 3735, 3680, 3621, 3591, 3548, 3518, 3476, 3446, 3382, 3334, 3276, 3232, 3181, 3153, 3102, 3049, 3010, 2956, 2908, 2875, 2843, 2822, 2784, 2737, 2710, 2680, 2659, 2617, 2585, 2541, 2476, 2451, 2424, 2375, 2346, 2298, 2265, 2228, 2197, 2156, 2123, 2078, 2034, 2013, 1986, 1948, 1917, 1882, 1856, 1824, 1785, 1748, 1742, 1716, 1692, 1669, 1630, 1596, 1570, 1540, 1527, 1506, 1480, 1455, 1436, 1424, 1413, 1391, 1347, 1318, 1318, 1290, 1262, 1243, 1234, 1218, 1196, 1179, 1157, 1143, 1126, 1124, 1095, 1075, 1073, 1048, 1032, 1025, 1016, 1001, 990, 977, 967, 971, 949, 930, 911, 896, 884, 874, 858, 847, 841, 831, 811, 806, 808, 805, 808, 784, 767, 755, 741, 723, 717, 711, 707, 699, 687, 673, 659, 659, 648, 637]

Recuperados simulação: [0, 34, 72, 111, 140, 171, 211, 245, 278, 310, 342, 370, 405, 451, 489, 531, 561, 605, 658, 695, 742, 786, 842, 887, 929, 979, 1022, 1069, 1131, 1190, 1236, 1282, 1333, 1392, 1450, 1518, 1568, 1627, 1689, 1755, 1827, 1892, 1982, 2068, 2136, 2203, 2281, 2352, 2430, 2521, 2612, 2696, 2781, 2880, 2958, 3059, 3134, 3215, 3310, 3414, 3502, 3608, 3695, 3796, 3897, 4003, 4115, 4218, 4321, 4429, 4534, 4646, 4732, 4850, 4954, 5070, 5205, 5332, 5484, 5595, 5727, 5857, 5972, 6088, 6239, 6366, 6503, 6643, 6779, 6906, 7041, 7187, 7340, 7474, 7635, 7793, 7957, 8113, 8269, 8437, 8627, 8768, 8935, 9095, 9253, 9424, 9574, 9741, 9931, 10106, 10290, 10484, 10656, 10830, 11011, 11186, 11377, 11590, 11780, 11999, 12227, 12426, 12645, 12828, 13044, 13267, 13473, 13678, 13887, 14083, 14309, 14529, 14754, 14966, 15159, 15391, 15610, 15835, 16068, 16268, 16519, 16756, 16992, 17234, 17458, 17669, 17873, 18123, 18386, 18632, 18865, 19110, 19329, 19561, 19822, 20081, 20311, 20526, 20770, 21002, 21256, 21512, 21751, 22005, 22240, 22501, 22731, 22984, 23228, 23476, 23716, 23963, 24205, 24436, 24668, 24927, 25188, 25395, 25662, 25927, 26170, 26414, 26695, 26936, 27185, 27414, 27652, 27896, 28134, 28348, 28595, 28863, 29120, 29344, 29592, 29798, 30019, 30256, 30478, 30705, 30932, 31126, 31366, 31573, 31810, 32017, 32245, 32473, 32654, 32859, 33062, 33270, 33497, 33667, 33868, 34074, 34284, 34482, 34677, 34885, 35095, 35256, 35444, 35632, 35819, 35986, 36169, 36366, 36539, 36703, 36867, 37050, 37234, 37414, 37567, 37721, 37888, 38035, 38196, 38354, 38507, 38651, 38806, 38961, 39089, 39230, 39361, 39494, 39633, 39775, 39917, 40068, 40197, 40334, 40450, 40575, 40703, 40817, 40941, 41069, 41173, 41295, 41393, 41520, 41640, 41744, 41845, 41938, 42043, 42146, 42258, 42376, 42471, 42580, 42685, 42777, 42877, 42968, 43067, 43157, 43249, 43338, 43436, 43526, 43604, 43689, 43767, 43836, 43917, 43989, 44062, 44142, 44215, 44270, 44338, 44402, 44462, 44531, 44605, 44666, 44730, 44780, 44834, 44896, 44960, 45009, 45065, 45112, 45172, 45238, 45305, 45344, 45403, 45460, 45505, 45545, 45589, 45645, 45693, 45746, 45787, 45835, 45873, 45925, 45968, 46010, 46064, 46118, 46154, 46190, 46228, 46259, 46296, 46333, 46361, 46405, 46452, 46491, 46524, 46558, 46592, 46633, 46663, 46697, 46719, 46756, 46780, 46802, 46834, 46860, 46906, 46940, 46979, 47007, 47042, 47069, 47091, 47112, 47143, 47173, 47195, 47225, 47245, 47273, 47303]

