89812,685,0
89764,699,34
89711,714,72
89654,732,111
89597,760,140
89553,773,171
89513,773,211
89455,797,245
89406,813,278
89344,843,310
89298,857,342
89240,887,370
89175,917,405
89129,917,451
89061,947,489
88980,986,531
88935,1001,561
88862,1030,605
88796,1043,658
88730,1072,695
88657,1098,742
88592,1119,786
88527,1128,842
88444,1166,887
88375,1193,929
88300,1218,979
88222,1253,1022
88154,1274,1069
88087,1279,1131
88004,1303,1190
87920,1341,1236
87838,1377,1282
87739,1425,1333
87643,1462,1392
87560,1487,1450
87474,1505,1518
87387,1542,1568
87297,1573,1627
87199,1609,1689
87099,1643,1755
87009,1661,1827
86904,1701,1892
86804,1711,1982
86690,1739,2068
86593,1768,2136
86495,1799,2203
86392,1824,2281
86287,1858,2352
86168,1899,2430
86038,1938,2521
85931,1954,2612
85824,1977,2696
85699,2017,2781
85574,2043,2880
85456,2083,2958
85323,2115,3059
85201,2162,3134
85080,2202,3215
84945,2242,3310
84804,2279,3414
84681,2314,3502
84551,2338,3608
84398,2404,3695
84266,2435,3796
84122,2478,3897
83973,2521,4003
83824,2558,4115
83689,2590,4218
83540,2636,4321
83393,2675,4429
83254,2709,4534
83107,2744,4646
82951,2814,4732
82779,2868,4850
82623,2920,4954
82477,2950,5070
82306,2986,5205
82153,3012,5332
81976,3037,5484
81817,3085,5595
81643,3127,5727
81461,3179,5857
81305,3220,5972
81140,3269,6088
80931,3327,6239
80750,3381,6366
80572,3422,6503
80400,3454,6643
80187,3531,6779
80005,3586,6906
79814,3642,7041
79634,3676,7187
79440,3717,7340
79251,3772,7474
79069,3793,7635
78893,3811,7793
78691,3849,7957
78489,3895,8113
78281,3947,8269
78100,3960,8437
77892,3978,8627
77675,4054,8768
77468,4094,8935
77261,4141,9095
77029,4215,9253
76826,4247,9424
76594,4329,9574
76383,4373,9741
76156,4410,9931
75907,4484,10106
75694,4513,10290
75451,4562,10484
75237,4604,10656
75011,4656,10830
74777,4709,11011
74551,4760,11186
74323,4797,11377
74117,4790,11590
73867,4850,11780
73617,4881,11999
73362,4908,12227
73098,4973,12426
72826,5026,12645
72577,5092,12828
72333,5120,13044
72061,5169,13267
71829,5195,13473
71577,5242,13678
71310,5300,13887
71053,5361,14083
70784,5404,14309
70524,5444,14529
70278,5465,14754
70041,5490,14966
69771,5567,15159
69485,5621,15391
69217,5670,15610
68958,5704,15835
68703,5726,16068
68475,5754,16268
68203,5775,16519
67970,5771,16756
67714,5791,16992
67440,5823,17234
67165,5874,17458
66920,5908,17669
66657,5967,17873
66397,5977,18123
66133,5978,18386
65883,5982,18632
65629,6003,18865
65392,5995,19110
65121,6047,19329
64885,6051,19561
64649,6026,19822
64414,6002,20081
64167,6019,20311
63900,6071,20526
63621,6106,20770
63388,6107,21002
63136,6105,21256
62858,6127,21512
62621,6125,21751
62351,6141,22005
62102,6155,22240
61851,6145,22501
61590,6176,22731
61365,6148,22984
61119,6150,23228
60867,6154,23476
60631,6150,23716
60406,6128,23963
60149,6143,24205
59899,6162,24436
59630,6199,24668
59396,6174,24927
59171,6138,25188
58933,6169,25395
58710,6125,25662
58486,6084,25927
58255,6072,26170
58006,6077,26414
57786,6016,26695
57562,5999,26936
57352,5960,27185
57146,5937,27414
56925,5920,27652
56700,5901,27896
56513,5850,28134
56292,5857,28348
56079,5823,28595
55861,5773,28863
55658,5719,29120
55472,5681,29344
55294,5611,29592
55103,5596,29798
54885,5593,30019
54696,5545,30256
54500,5519,30478
54318,5474,30705
54150,5415,30932
53951,5420,31126
53776,5355,31366
53601,5323,31573
53414,5273,31810
53236,5244,32017
53055,5197,32245
52879,5145,32473
52715,5128,32654
52549,5089,32859
52382,5053,33062
52231,4996,33270
52084,4916,33497
51908,4922,33667
51756,4873,33868
51590,4833,34074
51444,4769,34284
51278,4737,34482
51134,4686,34677
50996,4616,34885
50852,4550,35095
50696,4545,35256
50547,4506,35444
50397,4468,35632
50260,4418,35819
50118,4393,35986
49975,4353,36169
49860,4271,36366
49724,4234,36539
49586,4208,36703
49445,4185,36867
49336,4111,37050
49213,4050,37234
49081,4002,37414
48963,3967,37567
48839,3937,37721
48711,3898,37888
48575,3887,38035
48464,3837,38196
48341,3802,38354
48230,3760,38507
48111,3735,38651
48011,3680,38806
47915,3621,38961
47817,3591,39089
47719,3548,39230
47618,3518,39361
47527,3476,39494
47418,3446,39633
47340,3382,39775
47246,3334,39917
47153,3276,40068
47068,3232,40197
46982,3181,40334
46894,3153,40450
46820,3102,40575
46745,3049,40703
46670,3010,40817
46600,2956,40941
46520,2908,41069
46449,2875,41173
46359,2843,41295
46282,2822,41393
46193,2784,41520
46120,2737,41640
46043,2710,41744
45972,2680,41845
45900,2659,41938
45837,2617,42043
45766,2585,42146
45698,2541,42258
45645,2476,42376
45575,2451,42471
45493,2424,42580
45437,2375,42685
45374,2346,42777
45322,2298,42877
45264,2265,42968
45202,2228,43067
45143,2197,43157
45092,2156,43249
45036,2123,43338
44983,2078,43436
44937,2034,43526
44880,2013,43604
44822,1986,43689
44782,1948,43767
44744,1917,43836
44698,1882,43917
44652,1856,43989
44611,1824,44062
44570,1785,44142
44534,1748,44215
44485,1742,44270
44443,1716,44338
44403,1692,44402
44366,1669,44462
44336,1630,44531
44296,1596,44605
44261,1570,44666
44227,1540,44730
44190,1527,44780
44157,1506,44834
44121,1480,44896
44082,1455,44960
44052,1436,45009
44008,1424,45065
43972,1413,45112
43934,1391,45172
43912,1347,45238
43874,1318,45305
43835,1318,45344
43804,1290,45403
43775,1262,45460
43749,1243,45505
43718,1234,45545
43690,1218,45589
43656,1196,45645
43625,1179,45693
43594,1157,45746
43567,1143,45787
43536,1126,45835
43500,1124,45873
43477,1095,45925
43454,1075,45968
43414,1073,46010
43385,1048,46064
43347,1032,46118
43318,1025,46154
43291,1016,46190
43268,1001,46228
43248,990,46259
43224,977,46296
43197,967,46333
43165,971,46361
43143,949,46405
43115,930,46452
43095,911,46491
43077,896,46524
43055,884,46558
43031,874,46592
43006,858,46633
42987,847,46663
42959,841,46697
42947,831,46719
42930,811,46756
42911,806,46780
42887,808,46802
42858,805,46834
42829,808,46860
42807,784,46906
42790,767,46940
42763,755,46979
42749,741,47007
42732,723,47042
42711,717,47069
42695,711,47091
42678,707,47112
42655,699,47143
42637,687,47173
42629,673,47195
42613,659,47225
42593,659,47245
42576,648,47273
42557,637,47303
