########################################
    Simulação de Vacinação ods Hubs     
########################################

Beta: 0.01173
Gamma: 0.04007
Porcentagem de vacinados: 10%
Dias: 365
Número Máximo de Infectados: 961
Dia Ocorrido: 73

Suscetíveis simulação: [80762, 80727, 80683, 80651, 80620, 80580, 80538, 80510, 80474, 80438, 80410, 80381, 80348, 80312, 80283, 80240, 80196, 80163, 80135, 80099, 80071, 80041, 80005, 79964, 79928, 79884, 79845, 79806, 79765, 79725, 79694, 79662, 79627, 79589, 79549, 79501, 79475, 79438, 79398, 79358, 79322, 79287, 79260, 79223, 79180, 79142, 79114, 79081, 79044, 79015, 78979, 78944, 78913, 78877, 78840, 78802, 78760, 78725, 78690, 78654, 78624, 78569, 78531, 78490, 78456, 78418, 78381, 78345, 78310, 78279, 78238, 78176, 78134, 78111, 78077, 78038, 77996, 77963, 77926, 77893, 77858, 77813, 77771, 77737, 77713, 77673, 77626, 77595, 77564, 77533, 77494, 77465, 77434, 77405, 77365, 77320, 77275, 77231, 77190, 77153, 77125, 77092, 77057, 77024, 76987, 76946, 76913, 76889, 76846, 76815, 76779, 76748, 76720, 76687, 76652, 76613, 76575, 76535, 76498, 76471, 76437, 76402, 76362, 76338, 76307, 76277, 76239, 76206, 76184, 76156, 76126, 76096, 76060, 76027, 76001, 75965, 75934, 75895, 75862, 75839, 75805, 75769, 75741, 75709, 75675, 75634, 75599, 75572, 75540, 75503, 75476, 75435, 75408, 75371, 75336, 75291, 75256, 75229, 75192, 75169, 75128, 75095, 75071, 75042, 75007, 74979, 74947, 74922, 74899, 74873, 74832, 74797, 74768, 74744, 74718, 74696, 74667, 74641, 74621, 74599, 74565, 74537, 74501, 74473, 74444, 74417, 74386, 74366, 74335, 74311, 74289, 74265, 74236, 74213, 74180, 74149, 74127, 74103, 74069, 74055, 74037, 74009, 73990, 73969, 73947, 73927, 73905, 73870, 73853, 73829, 73806, 73779, 73757, 73743, 73724, 73702, 73677, 73659, 73641, 73616, 73592, 73567, 73540, 73520, 73507, 73479, 73460, 73429, 73411, 73398, 73375, 73356, 73334, 73310, 73290, 73276, 73256, 73229, 73209, 73192, 73168, 73149, 73127, 73109, 73089, 73074, 73054, 73039, 73018, 73000, 72980, 72967, 72950, 72928, 72912, 72897, 72873, 72854, 72837, 72826, 72810, 72795, 72772, 72754, 72741, 72721, 72702, 72686, 72663, 72651, 72629, 72616, 72600, 72581, 72565, 72545, 72529, 72517, 72497, 72478, 72457, 72436, 72426, 72404, 72394, 72379, 72357, 72338, 72321, 72306, 72287, 72274, 72261, 72248, 72233, 72219, 72193, 72185, 72176, 72166, 72155, 72134, 72117, 72101, 72085, 72069, 72056, 72041, 72024, 72011, 71996, 71981, 71966, 71954, 71940, 71928, 71917, 71905, 71886, 71871, 71858, 71841, 71824, 71812, 71796, 71779, 71760, 71745, 71735, 71721, 71715, 71701, 71692, 71678, 71669, 71656, 71642, 71624, 71616, 71602, 71588, 71582, 71565, 71559, 71549, 71530, 71517, 71505, 71488, 71475, 71459, 71444, 71425, 71409, 71391, 71377, 71362, 71354, 71343, 71333, 71315, 71302, 71283, 71271, 71257]

Infectados simulação: [685, 686, 702, 704, 715, 727, 739, 733, 742, 752, 746, 746, 747, 755, 745, 754, 765, 766, 760, 764, 759, 762, 780, 783, 788, 808, 816, 821, 836, 841, 830, 827, 829, 837, 844, 868, 856, 861, 860, 871, 866, 874, 868, 872, 876, 881, 884, 873, 875, 864, 870, 873, 865, 867, 880, 882, 895, 899, 890, 890, 901, 922, 915, 923, 920, 925, 918, 919, 923, 914, 926, 951, 961, 944, 936, 941, 933, 930, 926, 929, 920, 923, 925, 917, 896, 903, 912, 905, 900, 904, 915, 898, 898, 889, 889, 897, 901, 894, 900, 903, 895, 894, 899, 901, 904, 909, 907, 899, 898, 894, 889, 875, 867, 859, 855, 858, 867, 869, 860, 850, 839, 837, 842, 840, 841, 836, 834, 832, 826, 818, 813, 820, 818, 819, 808, 816, 815, 820, 821, 806, 813, 818, 803, 796, 805, 804, 804, 801, 797, 799, 800, 809, 805, 816, 819, 830, 836, 827, 830, 808, 825, 812, 797, 779, 787, 780, 774, 768, 750, 736, 747, 748, 741, 725, 720, 715, 715, 712, 708, 707, 709, 712, 717, 715, 719, 711, 717, 703, 696, 683, 669, 659, 666, 659, 668, 673, 672, 665, 671, 664, 653, 648, 649, 653, 654, 657, 654, 654, 639, 637, 637, 647, 641, 625, 624, 624, 621, 617, 604, 595, 593, 598, 598, 596, 587, 589, 575, 579, 574, 559, 570, 561, 557, 568, 568, 564, 563, 564, 558, 553, 552, 535, 536, 529, 522, 521, 513, 514, 513, 510, 506, 483, 474, 476, 476, 478, 483, 478, 474, 465, 467, 465, 476, 470, 458, 459, 467, 458, 458, 451, 450, 446, 450, 451, 451, 453, 450, 454, 458, 462, 471, 471, 462, 464, 454, 448, 457, 451, 445, 444, 441, 436, 433, 423, 422, 424, 435, 420, 405, 399, 393, 399, 399, 397, 394, 387, 384, 383, 384, 373, 376, 377, 377, 375, 375, 374, 372, 364, 372, 378, 376, 372, 373, 364, 373, 379, 379, 378, 372, 374, 363, 361, 363, 362, 360, 365, 358, 370, 371, 370, 364, 357, 361, 356, 352, 352, 347, 347, 349, 346, 344, 345, 352, 356, 362, 361, 363, 354, 341, 337, 339, 341, 346, 351, 350]

Recuperados simulação: [9050, 9084, 9112, 9142, 9162, 9190, 9220, 9254, 9281, 9307, 9341, 9370, 9402, 9430, 9469, 9503, 9536, 9568, 9602, 9634, 9667, 9694, 9712, 9750, 9781, 9805, 9836, 9870, 9896, 9931, 9973, 10008, 10041, 10071, 10104, 10128, 10166, 10198, 10239, 10268, 10309, 10336, 10369, 10402, 10441, 10474, 10499, 10543, 10578, 10618, 10648, 10680, 10719, 10753, 10777, 10813, 10842, 10873, 10917, 10953, 10972, 11006, 11051, 11084, 11121, 11154, 11198, 11233, 11264, 11304, 11333, 11370, 11402, 11442, 11484, 11518, 11568, 11604, 11645, 11675, 11719, 11761, 11801, 11843, 11888, 11921, 11959, 11997, 12033, 12060, 12088, 12134, 12165, 12203, 12243, 12280, 12321, 12372, 12407, 12441, 12477, 12511, 12541, 12572, 12606, 12642, 12677, 12709, 12753, 12788, 12829, 12874, 12910, 12951, 12990, 13026, 13055, 13093, 13139, 13176, 13221, 13258, 13293, 13319, 13349, 13384, 13424, 13459, 13487, 13523, 13558, 13581, 13619, 13651, 13688, 13716, 13748, 13782, 13814, 13852, 13879, 13910, 13953, 13992, 14017, 14059, 14094, 14124, 14160, 14195, 14221, 14253, 14284, 14310, 14342, 14376, 14405, 14441, 14475, 14520, 14544, 14590, 14629, 14676, 14703, 14738, 14776, 14807, 14848, 14888, 14918, 14952, 14988, 15028, 15059, 15086, 15115, 15144, 15168, 15191, 15223, 15248, 15279, 15309, 15334, 15369, 15394, 15428, 15466, 15503, 15539, 15573, 15595, 15625, 15649, 15675, 15698, 15729, 15757, 15778, 15807, 15840, 15858, 15875, 15896, 15913, 15938, 15973, 16005, 16031, 16054, 16071, 16099, 16129, 16149, 16171, 16199, 16221, 16252, 16286, 16312, 16332, 16359, 16381, 16403, 16429, 16462, 16489, 16512, 16540, 16552, 16580, 16606, 16619, 16639, 16657, 16678, 16704, 16730, 16752, 16777, 16813, 16834, 16859, 16886, 16902, 16930, 16944, 16966, 16987, 17011, 17047, 17073, 17093, 17109, 17122, 17141, 17165, 17186, 17206, 17220, 17237, 17249, 17273, 17298, 17317, 17328, 17353, 17376, 17395, 17418, 17435, 17447, 17465, 17481, 17499, 17518, 17526, 17542, 17557, 17569, 17590, 17609, 17629, 17649, 17670, 17683, 17708, 17731, 17747, 17769, 17787, 17803, 17826, 17842, 17854, 17869, 17892, 17916, 17932, 17949, 17964, 17981, 17999, 18018, 18041, 18057, 18073, 18089, 18113, 18125, 18139, 18154, 18168, 18182, 18195, 18208, 18228, 18239, 18248, 18263, 18284, 18300, 18321, 18328, 18339, 18358, 18374, 18390, 18402, 18419, 18435, 18442, 18457, 18468, 18476, 18497, 18503, 18510, 18525, 18545, 18558, 18571, 18582, 18596, 18615, 18633, 18645, 18660, 18676, 18694, 18708, 18720, 18732, 18744, 18759, 18772, 18789, 18813, 18827, 18843, 18854, 18868, 18875, 18890]

