########################################
            Configuração AG
########################################

Tamanho População: 20
Número de Gerações: 300
Bits Cromossomo: 10
Dias: 41
Taxa de Mutação: 0.05
Quantidade de nós: 90497
Nós infectados: [50852, 54956, 81557, 7196, 63987, 65668, 59172, 74655, 8236, 50758, 48445, 64053, 90302, 5977, 25647, 23538, 31998, 24546, 15031, 66955, 60614, 43679, 7627, 48987, 48730, 56408, 22413, 831, 6013, 50451, 88922, 37140, 39857, 14292, 41028, 72875, 30854, 69330, 73948, 34839, 67753, 55265, 88548, 13826, 14147, 38273, 1482, 33585, 72821, 2913, 61187, 1759, 73782, 81691, 1598, 10637, 9018, 51570, 68400, 78868, 19375, 40782, 14893, 75280, 88400, 52385, 5138, 41837, 17789, 37735, 17507, 89315, 29896, 48175, 49907, 28444, 22335, 75057, 53121, 57004, 85485, 45183, 77044, 28004, 20157, 76918, 76055, 14301, 55375, 2251, 62930, 20869, 52515, 6379, 29040, 27259, 63188, 19559, 47615, 42899, 74181, 46417, 5071, 17599, 2527, 43874, 63329, 9816, 49697, 10134, 70199, 3689, 2293, 68714, 18143, 60243, 53249, 34150, 22472, 74182, 71819, 79619, 34395, 84262, 13907, 73309, 38329, 39376, 53300, 59217, 84878, 40294, 88963, 1693, 62902, 48244, 362, 48644, 38740, 71605, 83143, 56601, 52175, 39211, 32417, 30964, 74478, 4156, 64175, 11794, 15590, 16715, 31786, 33540, 68986, 23268, 26344, 30826, 50900, 54218, 39435, 28432, 11730, 85931, 47886, 10855, 30083, 24111, 77392, 48983, 88733, 87062, 25015, 73094, 37788, 80579, 54440, 62849, 32577, 66415, 84442, 83857, 32500, 883, 21589, 28686, 4018, 4769, 18620, 50414, 28181, 3912, 48677, 13009, 63523, 77465, 44662, 69771, 81773, 38931, 28351, 7399, 49610, 14947, 56449, 60797, 15112, 30146, 62127, 52844, 3515, 82817, 74483, 6802, 61431, 66314, 28763, 5085, 11221, 44110, 79150, 1649, 83837, 25727, 38583, 25227, 22565, 21191, 48564, 50541, 13295, 6598, 77278, 78624, 17209, 86148, 35139, 57446, 33615, 75453, 77888, 2218, 48083, 494, 8096, 35514, 51337, 53781, 75223, 39390, 41447, 25192, 62894, 64867, 78013, 79802, 67606, 82574, 79618, 17792, 21626, 24201, 46210, 56303, 8918, 45138, 50423, 15048, 61019, 67860, 63228, 82919, 47832, 9074, 12312, 54755, 41682, 30621, 68630, 38724, 22181, 54478, 70175, 73457, 37164, 20446, 45977, 60670, 57568, 20317, 2272, 84990, 81654, 6455, 43317, 68547, 42810, 57866, 57712, 78094, 67611, 52232, 69630, 4420, 19270, 3257, 22369, 22630, 44908, 64113, 32537, 68111, 56025, 51741, 74038, 28615, 36123, 82679, 51632, 10775, 28131, 74171, 34969, 14418]
Probabilidae de criação de aresta: 7e-05
Nome do arquivo de amostra: dados_sjdr_12_03_2021__22_04_2021.csv
Grau médio dos nós: 6.3206515133098335

########################################
     Evolução da solução encontrada
########################################

Geração: 1
Beta : 0.1026393
Gamma: 0.70185728
Avaliação Beta: 271671.21951
Avaliação Gamma: 1994041.92683
NOTA: 0.88272
Número Básico de Reprodução (R0): 0.14623956027071486
Sucetiveis Simulação: [87160, 86964, 86806, 86681, 86580, 86488, 86410, 86330, 86237, 86149, 86058, 85988, 85914, 85848, 85780, 85710, 85661, 85613, 85563, 85515, 85475, 85434, 85401, 85363, 85332, 85307, 85284, 85266, 85253, 85242, 85232, 85225, 85219, 85216, 85212, 85211, 85210, 85210, 85210, 85210, 85210]
Infectados Simulação: [324, 285, 223, 188, 159, 145, 122, 113, 127, 131, 134, 120, 118, 107, 105, 91, 80, 79, 75, 70, 65, 58, 50, 52, 50, 40, 33, 30, 17, 18, 16, 11, 8, 5, 4, 2, 1, 0, 0, 0, 0]
Recuperados Simulação: [3013, 3248, 3468, 3628, 3758, 3864, 3965, 4054, 4133, 4217, 4305, 4389, 4465, 4542, 4612, 4696, 4756, 4805, 4859, 4912, 4957, 5005, 5046, 5082, 5115, 5150, 5180, 5201, 5227, 5237, 5249, 5261, 5270, 5276, 5281, 5284, 5286, 5287, 5287, 5287, 5287]

Geração: 2
Beta : 0.1026393
Gamma: 0.70185728
Avaliação Beta: 291952.68293
Avaliação Gamma: 1506813.31707
NOTA: 1.11187
Número Básico de Reprodução (R0): 0.14623956027071486
Sucetiveis Simulação: [87160, 86961, 86798, 86646, 86511, 86400, 86306, 86213, 86117, 86041, 85965, 85903, 85858, 85814, 85783, 85750, 85728, 85718, 85702, 85687, 85678, 85669, 85661, 85656, 85652, 85650, 85648, 85647, 85647, 85646, 85646, 85646, 85645, 85645, 85645, 85645, 85645, 85645, 85645, 85645, 85645]
Infectados Simulação: [324, 303, 251, 213, 199, 176, 156, 146, 139, 119, 110, 89, 61, 66, 53, 43, 31, 21, 22, 19, 12, 9, 9, 7, 5, 4, 3, 1, 1, 1, 1, 1, 1, 0, 0, 0, 0, 0, 0, 0, 0]
Recuperados Simulação: [3013, 3233, 3448, 3638, 3787, 3921, 4035, 4138, 4241, 4337, 4422, 4505, 4578, 4617, 4661, 4704, 4738, 4758, 4773, 4791, 4807, 4819, 4827, 4834, 4840, 4843, 4846, 4849, 4849, 4850, 4850, 4850, 4851, 4852, 4852, 4852, 4852, 4852, 4852, 4852, 4852]

Geração: 3
Beta : 0.0400782
Gamma: 0.71358749
Avaliação Beta: 320389.53659
Avaliação Gamma: 74499.04878
NOTA: 5.06472
Número Básico de Reprodução (R0): 0.05616438146918747
Sucetiveis Simulação: [87160, 87078, 87040, 87019, 87006, 86995, 86989, 86984, 86984, 86982, 86981, 86980, 86980, 86980, 86980, 86980, 86980, 86980, 86980, 86980, 86980, 86980, 86980, 86980, 86980, 86980, 86980, 86980, 86980, 86980, 86980, 86980, 86980, 86980, 86980, 86980, 86980, 86980, 86980, 86980, 86980]
Infectados Simulação: [324, 157, 89, 42, 33, 21, 10, 7, 3, 3, 2, 1, 1, 0, 0, 0, 0, 0, 0, 0, 0, 0, 0, 0, 0, 0, 0, 0, 0, 0, 0, 0, 0, 0, 0, 0, 0, 0, 0, 0, 0]
Recuperados Simulação: [3013, 3262, 3368, 3436, 3458, 3481, 3498, 3506, 3510, 3512, 3514, 3516, 3516, 3517, 3517, 3517, 3517, 3517, 3517, 3517, 3517, 3517, 3517, 3517, 3517, 3517, 3517, 3517, 3517, 3517, 3517, 3517, 3517, 3517, 3517, 3517, 3517, 3517, 3517, 3517, 3517]

Geração: 4
Beta : 0.00879765
Gamma: 0.71358749
Avaliação Beta: 323692.65854
Avaliação Gamma: 64648.0
NOTA: 5.15012
Número Básico de Reprodução (R0): 0.012328761537005085
Sucetiveis Simulação: [87160, 87146, 87141, 87141, 87141, 87141, 87141, 87141, 87141, 87141, 87141, 87141, 87141, 87141, 87141, 87141, 87141, 87141, 87141, 87141, 87141, 87141, 87141, 87141, 87141, 87141, 87141, 87141, 87141, 87141, 87141, 87141, 87141, 87141, 87141, 87141, 87141, 87141, 87141, 87141, 87141]
Infectados Simulação: [324, 99, 27, 7, 2, 0, 0, 0, 0, 0, 0, 0, 0, 0, 0, 0, 0, 0, 0, 0, 0, 0, 0, 0, 0, 0, 0, 0, 0, 0, 0, 0, 0, 0, 0, 0, 0, 0, 0, 0, 0]
Recuperados Simulação: [3013, 3252, 3329, 3349, 3354, 3356, 3356, 3356, 3356, 3356, 3356, 3356, 3356, 3356, 3356, 3356, 3356, 3356, 3356, 3356, 3356, 3356, 3356, 3356, 3356, 3356, 3356, 3356, 3356, 3356, 3356, 3356, 3356, 3356, 3356, 3356, 3356, 3356, 3356, 3356, 3356]

Geração: 5
Beta : 0.02346041
Gamma: 0.69208211
Avaliação Beta: 322179.12195
Avaliação Gamma: 63508.95122
NOTA: 5.18554
Número Básico de Reprodução (R0): 0.03389830435004309
Sucetiveis Simulação: [87160, 87115, 87091, 87083, 87082, 87081, 87081, 87080, 87080, 87080, 87080, 87080, 87080, 87080, 87080, 87080, 87080, 87080, 87080, 87080, 87080, 87080, 87080, 87080, 87080, 87080, 87080, 87080, 87080, 87080, 87080, 87080, 87080, 87080, 87080, 87080, 87080, 87080, 87080, 87080, 87080]
Infectados Simulação: [324, 136, 63, 28, 9, 5, 3, 1, 1, 0, 0, 0, 0, 0, 0, 0, 0, 0, 0, 0, 0, 0, 0, 0, 0, 0, 0, 0, 0, 0, 0, 0, 0, 0, 0, 0, 0, 0, 0, 0, 0]
Recuperados Simulação: [3013, 3246, 3343, 3386, 3406, 3411, 3413, 3416, 3416, 3417, 3417, 3417, 3417, 3417, 3417, 3417, 3417, 3417, 3417, 3417, 3417, 3417, 3417, 3417, 3417, 3417, 3417, 3417, 3417, 3417, 3417, 3417, 3417, 3417, 3417, 3417, 3417, 3417, 3417, 3417, 3417]

Geração: 6
Beta : 0.00195503
Gamma: 0.21505376
Avaliação Beta: 305714.31707
Avaliação Gamma: 54150.41463
NOTA: 5.55764
Número Básico de Reprodução (R0): 0.009090889645454233
Sucetiveis Simulação: [87160, 87158, 87157, 87156, 87155, 87155, 87154, 87153, 87153, 87152, 87152, 87152, 87152, 87152, 87152, 87152, 87152, 87152, 87152, 87152, 87152, 87152, 87152, 87152, 87152, 87152, 87151, 87151, 87151, 87150, 87150, 87149, 87149, 87149, 87149, 87149, 87149, 87149, 87149, 87149, 87149]
Infectados Simulação: [324, 259, 226, 185, 137, 105, 81, 64, 52, 44, 34, 31, 23, 19, 15, 12, 11, 10, 6, 5, 5, 5, 4, 3, 3, 3, 3, 3, 2, 3, 2, 3, 2, 1, 1, 1, 0, 0, 0, 0, 0]
Recuperados Simulação: [3013, 3080, 3114, 3156, 3205, 3237, 3262, 3280, 3292, 3301, 3311, 3314, 3322, 3326, 3330, 3333, 3334, 3335, 3339, 3340, 3340, 3340, 3341, 3342, 3342, 3342, 3343, 3343, 3344, 3344, 3345, 3345, 3346, 3347, 3347, 3347, 3348, 3348, 3348, 3348, 3348]

Geração: 7
Beta : 0.00782014
Gamma: 0.21798631
Avaliação Beta: 303038.41463
Avaliação Gamma: 46308.19512
NOTA: 5.72497
Número Básico de Reprodução (R0): 0.035874454684791904
Sucetiveis Simulação: [87160, 87146, 87126, 87118, 87107, 87098, 87086, 87079, 87072, 87069, 87063, 87062, 87061, 87060, 87060, 87060, 87060, 87060, 87060, 87060, 87060, 87060, 87060, 87060, 87060, 87060, 87060, 87060, 87060, 87060, 87060, 87060, 87060, 87060, 87060, 87060, 87060, 87060, 87060, 87060, 87060]
Infectados Simulação: [324, 261, 229, 184, 155, 130, 104, 89, 80, 67, 55, 46, 31, 28, 19, 17, 14, 11, 10, 8, 4, 4, 3, 2, 2, 2, 0, 0, 0, 0, 0, 0, 0, 0, 0, 0, 0, 0, 0, 0, 0]
Recuperados Simulação: [3013, 3090, 3142, 3195, 3235, 3269, 3307, 3329, 3345, 3361, 3379, 3389, 3405, 3409, 3418, 3420, 3423, 3426, 3427, 3429, 3433, 3433, 3434, 3435, 3435, 3435, 3437, 3437, 3437, 3437, 3437, 3437, 3437, 3437, 3437, 3437, 3437, 3437, 3437, 3437, 3437]

Geração: 17
Beta : 0.00195503
Gamma: 0.06256109
Avaliação Beta: 226501.82927
Avaliação Gamma: 48108.7561
NOTA: 7.28304
Número Básico de Reprodução (R0): 0.03124993506347156
Sucetiveis Simulação: [87160, 87157, 87151, 87147, 87146, 87146, 87145, 87141, 87138, 87134, 87133, 87129, 87126, 87124, 87123, 87119, 87118, 87117, 87115, 87114, 87112, 87112, 87112, 87110, 87110, 87110, 87110, 87110, 87109, 87109, 87109, 87109, 87108, 87107, 87107, 87107, 87106, 87105, 87105, 87105, 87105]
Infectados Simulação: [324, 299, 291, 273, 260, 249, 231, 221, 210, 197, 187, 177, 168, 158, 149, 144, 137, 128, 125, 119, 114, 109, 106, 102, 96, 89, 80, 75, 72, 66, 63, 56, 53, 47, 47, 46, 45, 44, 42, 42, 38]
Recuperados Simulação: [3013, 3041, 3055, 3077, 3091, 3102, 3121, 3135, 3149, 3166, 3177, 3191, 3203, 3215, 3225, 3234, 3242, 3252, 3257, 3264, 3271, 3276, 3279, 3285, 3291, 3298, 3307, 3312, 3316, 3322, 3325, 3332, 3336, 3343, 3343, 3344, 3346, 3348, 3350, 3350, 3354]

Geração: 19
Beta : 0.00782014
Gamma: 0.07331378
Avaliação Beta: 192319.02439
Avaliação Gamma: 19415.87805
NOTA: 9.44577
Número Básico de Reprodução (R0): 0.10666671395200193
Sucetiveis Simulação: [87160, 87147, 87131, 87122, 87105, 87090, 87080, 87073, 87062, 87052, 87043, 87032, 87024, 87012, 87004, 86997, 86985, 86976, 86970, 86965, 86958, 86953, 86947, 86940, 86937, 86933, 86928, 86921, 86917, 86911, 86903, 86899, 86897, 86894, 86890, 86886, 86882, 86880, 86876, 86875, 86870]
Infectados Simulação: [324, 306, 302, 289, 278, 272, 259, 251, 246, 228, 219, 211, 201, 195, 182, 171, 170, 162, 159, 152, 147, 143, 136, 133, 130, 129, 126, 125, 118, 116, 118, 116, 114, 104, 104, 101, 95, 88, 85, 77, 78]
Recuperados Simulação: [3013, 3044, 3064, 3086, 3114, 3135, 3158, 3173, 3189, 3217, 3235, 3254, 3272, 3290, 3311, 3329, 3342, 3359, 3368, 3380, 3392, 3401, 3414, 3424, 3430, 3435, 3443, 3451, 3462, 3470, 3476, 3482, 3486, 3499, 3503, 3510, 3520, 3529, 3536, 3545, 3549]

Geração: 20
Beta : 0.01075269
Gamma: 0.07331378
Avaliação Beta: 108165.68293
Avaliação Gamma: 6983.5122
NOTA: 17.36877
Número Básico de Reprodução (R0): 0.14666669758400128
Sucetiveis Simulação: [87160, 87138, 87121, 87105, 87090, 87072, 87049, 87026, 87017, 86997, 86981, 86964, 86943, 86923, 86905, 86891, 86875, 86855, 86840, 86822, 86803, 86787, 86777, 86753, 86739, 86724, 86712, 86694, 86675, 86665, 86653, 86643, 86630, 86614, 86600, 86584, 86572, 86564, 86545, 86533, 86524]
Infectados Simulação: [324, 329, 318, 317, 309, 307, 311, 311, 300, 295, 294, 288, 290, 289, 287, 286, 283, 287, 279, 280, 285, 281, 276, 281, 270, 270, 262, 259, 254, 246, 243, 240, 236, 231, 233, 237, 234, 226, 225, 224, 218]
Recuperados Simulação: [3013, 3030, 3058, 3075, 3098, 3118, 3137, 3160, 3180, 3205, 3222, 3245, 3264, 3285, 3305, 3320, 3339, 3355, 3378, 3395, 3409, 3429, 3444, 3463, 3488, 3503, 3523, 3544, 3568, 3586, 3601, 3614, 3631, 3652, 3664, 3676, 3691, 3707, 3727, 3740, 3755]

Geração: 21
Beta : 0.01075269
Gamma: 0.07331378
Avaliação Beta: 95259.87805
Avaliação Gamma: 10558.87805
NOTA: 18.90024
Número Básico de Reprodução (R0): 0.14666669758400128
Sucetiveis Simulação: [87160, 87128, 87109, 87091, 87072, 87048, 87025, 87005, 86973, 86956, 86935, 86911, 86895, 86875, 86857, 86839, 86817, 86801, 86772, 86752, 86730, 86716, 86693, 86672, 86662, 86641, 86620, 86609, 86583, 86560, 86551, 86542, 86528, 86512, 86492, 86478, 86459, 86442, 86428, 86416, 86404]
Infectados Simulação: [324, 336, 338, 330, 330, 338, 336, 333, 343, 340, 332, 331, 321, 321, 315, 310, 314, 310, 322, 320, 318, 311, 309, 304, 293, 291, 290, 279, 280, 279, 271, 264, 252, 257, 262, 251, 244, 240, 239, 237, 228]
Recuperados Simulação: [3013, 3033, 3050, 3076, 3095, 3111, 3136, 3159, 3181, 3201, 3230, 3255, 3281, 3301, 3325, 3348, 3366, 3386, 3403, 3425, 3449, 3470, 3495, 3521, 3542, 3565, 3587, 3609, 3634, 3658, 3675, 3691, 3717, 3728, 3743, 3768, 3794, 3815, 3830, 3844, 3865]

Geração: 27
Beta : 0.00977517
Gamma: 0.06256109
Avaliação Beta: 95981.39024
Avaliação Gamma: 6953.43902
NOTA: 19.42977
Número Básico de Reprodução (R0): 0.15624999500488243
Sucetiveis Simulação: [87160, 87147, 87132, 87113, 87089, 87069, 87049, 87034, 87015, 86989, 86973, 86955, 86935, 86925, 86898, 86874, 86857, 86842, 86830, 86815, 86796, 86779, 86769, 86755, 86739, 86724, 86702, 86692, 86679, 86655, 86638, 86626, 86610, 86592, 86580, 86569, 86555, 86544, 86533, 86524, 86512]
Infectados Simulação: [324, 308, 310, 304, 297, 297, 305, 303, 313, 310, 305, 306, 305, 298, 304, 310, 304, 294, 290, 288, 288, 288, 285, 284, 280, 277, 287, 273, 272, 282, 283, 280, 278, 278, 268, 263, 265, 258, 253, 247, 243]
Recuperados Simulação: [3013, 3042, 3055, 3080, 3111, 3131, 3143, 3160, 3169, 3198, 3219, 3236, 3257, 3274, 3295, 3313, 3336, 3361, 3377, 3394, 3413, 3430, 3443, 3458, 3478, 3496, 3508, 3532, 3546, 3560, 3576, 3591, 3609, 3627, 3649, 3665, 3677, 3695, 3711, 3726, 3742]

Geração: 28
Beta : 0.01173021
Gamma: 0.06256109
Avaliação Beta: 77148.14634
Avaliação Gamma: 7607.97561
NOTA: 23.59712
Número Básico de Reprodução (R0): 0.1875000899121163
Sucetiveis Simulação: [87160, 87147, 87130, 87110, 87085, 87062, 87035, 87006, 86985, 86965, 86949, 86935, 86911, 86878, 86850, 86824, 86809, 86788, 86777, 86760, 86739, 86727, 86705, 86687, 86668, 86643, 86627, 86610, 86589, 86568, 86550, 86532, 86513, 86493, 86480, 86461, 86447, 86428, 86408, 86392, 86370]
Infectados Simulação: [324, 319, 313, 315, 325, 329, 330, 335, 331, 330, 321, 315, 324, 334, 340, 348, 334, 328, 318, 316, 322, 313, 319, 312, 313, 325, 323, 319, 315, 317, 315, 323, 316, 316, 312, 312, 303, 298, 299, 297, 300]
Recuperados Simulação: [3013, 3031, 3054, 3072, 3087, 3106, 3132, 3156, 3181, 3202, 3227, 3247, 3262, 3285, 3307, 3325, 3354, 3381, 3402, 3421, 3436, 3457, 3473, 3498, 3516, 3529, 3547, 3568, 3593, 3612, 3632, 3642, 3668, 3688, 3705, 3724, 3747, 3771, 3790, 3808, 3827]

Geração: 30
Beta : 0.01368524
Gamma: 0.06256109
Avaliação Beta: 15851.14634
Avaliação Gamma: 40572.12195
NOTA: 35.44637
Número Básico de Reprodução (R0): 0.21875002497558785
Sucetiveis Simulação: [87160, 87130, 87103, 87068, 87037, 87007, 86969, 86940, 86913, 86890, 86863, 86834, 86803, 86778, 86738, 86702, 86669, 86635, 86596, 86571, 86527, 86489, 86455, 86422, 86376, 86342, 86302, 86260, 86218, 86188, 86152, 86116, 86075, 86040, 85999, 85960, 85915, 85867, 85830, 85795, 85752]
Infectados Simulação: [324, 341, 334, 353, 361, 371, 385, 385, 394, 387, 393, 394, 408, 410, 414, 419, 424, 439, 452, 454, 471, 473, 468, 467, 484, 483, 494, 500, 506, 506, 514, 511, 517, 517, 527, 529, 543, 571, 576, 574, 578]
Recuperados Simulação: [3013, 3026, 3060, 3076, 3099, 3119, 3143, 3172, 3190, 3220, 3241, 3269, 3286, 3309, 3345, 3376, 3404, 3423, 3449, 3472, 3499, 3535, 3574, 3608, 3637, 3672, 3701, 3737, 3773, 3803, 3831, 3870, 3905, 3940, 3971, 4008, 4039, 4059, 4091, 4128, 4167]

Geração: 31
Beta : 0.01368524
Gamma: 0.06256109
Avaliação Beta: 16305.36585
Avaliação Gamma: 34563.26829
NOTA: 39.31696
Número Básico de Reprodução (R0): 0.21875002497558785
Sucetiveis Simulação: [87160, 87131, 87107, 87073, 87047, 87025, 86991, 86951, 86929, 86899, 86873, 86836, 86803, 86766, 86729, 86695, 86662, 86624, 86582, 86549, 86514, 86479, 86458, 86426, 86393, 86356, 86312, 86285, 86252, 86228, 86199, 86159, 86112, 86071, 86034, 85994, 85951, 85914, 85870, 85831, 85790]
Infectados Simulação: [324, 324, 337, 352, 349, 349, 361, 382, 380, 381, 382, 404, 411, 425, 434, 446, 449, 464, 473, 475, 479, 481, 469, 479, 475, 480, 502, 494, 495, 485, 493, 503, 519, 531, 537, 536, 539, 535, 540, 552, 558]
Recuperados Simulação: [3013, 3042, 3053, 3072, 3101, 3123, 3145, 3164, 3188, 3217, 3242, 3257, 3283, 3306, 3334, 3356, 3386, 3409, 3442, 3473, 3504, 3537, 3570, 3592, 3629, 3661, 3683, 3718, 3750, 3784, 3805, 3835, 3866, 3895, 3926, 3967, 4007, 4048, 4087, 4114, 4149]

Geração: 33
Beta : 0.01368524
Gamma: 0.06647116
Avaliação Beta: 25427.2439
Avaliação Gamma: 24051.46341
NOTA: 40.42143
Número Básico de Reprodução (R0): 0.20588237064013926
Sucetiveis Simulação: [87160, 87134, 87113, 87088, 87067, 87038, 87008, 86977, 86961, 86933, 86906, 86884, 86857, 86825, 86799, 86768, 86737, 86710, 86682, 86648, 86614, 86574, 86540, 86510, 86472, 86434, 86396, 86369, 86327, 86287, 86253, 86212, 86176, 86139, 86107, 86067, 86029, 85998, 85962, 85935, 85901]
Infectados Simulação: [324, 327, 321, 323, 326, 331, 341, 349, 344, 349, 348, 351, 355, 366, 369, 381, 383, 395, 403, 409, 415, 429, 441, 441, 449, 446, 453, 451, 469, 476, 484, 490, 488, 500, 497, 510, 510, 507, 508, 495, 497]
Recuperados Simulação: [3013, 3036, 3063, 3086, 3104, 3128, 3148, 3171, 3192, 3215, 3243, 3262, 3285, 3306, 3329, 3348, 3377, 3392, 3412, 3440, 3468, 3494, 3516, 3546, 3576, 3617, 3648, 3677, 3701, 3734, 3760, 3795, 3833, 3858, 3893, 3920, 3958, 3992, 4027, 4067, 4099]

Geração: 34
Beta : 0.01368524
Gamma: 0.06256109
Avaliação Beta: 11820.14634
Avaliação Gamma: 26825.41463
NOTA: 51.75239
Número Básico de Reprodução (R0): 0.21875002497558785
Sucetiveis Simulação: [87160, 87133, 87104, 87071, 87041, 87015, 86982, 86956, 86932, 86908, 86877, 86850, 86816, 86798, 86767, 86741, 86705, 86665, 86626, 86589, 86559, 86519, 86481, 86444, 86395, 86351, 86316, 86289, 86254, 86219, 86174, 86151, 86107, 86062, 86012, 85980, 85946, 85895, 85863, 85822, 85779]
Infectados Simulação: [324, 328, 332, 347, 351, 352, 369, 381, 386, 383, 387, 392, 407, 403, 412, 412, 428, 449, 466, 480, 478, 498, 509, 522, 537, 543, 540, 522, 528, 527, 539, 528, 542, 554, 563, 560, 555, 561, 558, 572, 587]
Recuperados Simulação: [3013, 3036, 3061, 3079, 3105, 3130, 3146, 3160, 3179, 3206, 3233, 3255, 3274, 3296, 3318, 3344, 3364, 3383, 3405, 3428, 3460, 3480, 3507, 3531, 3565, 3603, 3641, 3686, 3715, 3751, 3784, 3818, 3848, 3881, 3922, 3957, 3996, 4041, 4076, 4103, 4131]

Geração: 39
Beta : 0.01173021
Gamma: 0.05278592
Avaliação Beta: 13646.36585
Avaliação Gamma: 8317.26829
NOTA: 91.05961
Número Básico de Reprodução (R0): 0.22222232746914328
Sucetiveis Simulação: [87160, 87130, 87102, 87073, 87052, 87020, 86998, 86975, 86947, 86914, 86898, 86870, 86841, 86810, 86778, 86742, 86721, 86698, 86668, 86642, 86612, 86582, 86555, 86525, 86498, 86466, 86430, 86397, 86350, 86324, 86293, 86263, 86228, 86191, 86163, 86126, 86086, 86044, 86003, 85968, 85934]
Infectados Simulação: [324, 339, 349, 358, 370, 391, 386, 393, 396, 403, 402, 404, 412, 421, 437, 445, 441, 444, 455, 455, 458, 471, 467, 474, 479, 491, 496, 510, 536, 533, 521, 523, 533, 546, 551, 549, 564, 580, 584, 587, 587]
Recuperados Simulação: [3013, 3028, 3046, 3066, 3075, 3086, 3113, 3129, 3154, 3180, 3197, 3223, 3244, 3266, 3282, 3310, 3335, 3355, 3374, 3400, 3427, 3444, 3475, 3498, 3520, 3540, 3571, 3590, 3611, 3640, 3683, 3711, 3736, 3760, 3783, 3822, 3847, 3873, 3910, 3942, 3976]

Geração: 40
Beta : 0.01173021
Gamma: 0.03714565
Avaliação Beta: 6616.78049
Avaliação Gamma: 488.53659
NOTA: 281.47935
Número Básico de Reprodução (R0): 0.3157896012049863
Sucetiveis Simulação: [87160, 87137, 87119, 87096, 87079, 87050, 87026, 87006, 86971, 86953, 86925, 86896, 86867, 86836, 86801, 86775, 86743, 86712, 86674, 86638, 86600, 86566, 86524, 86476, 86437, 86389, 86354, 86307, 86263, 86213, 86157, 86109, 86067, 86013, 85962, 85913, 85856, 85795, 85748, 85708, 85663]
Infectados Simulação: [324, 342, 350, 356, 365, 379, 384, 389, 410, 412, 427, 439, 458, 474, 495, 496, 500, 507, 529, 545, 567, 579, 608, 633, 651, 673, 683, 701, 714, 731, 757, 773, 786, 809, 825, 843, 870, 895, 905, 910, 922]
Recuperados Simulação: [3013, 3018, 3028, 3045, 3053, 3068, 3087, 3102, 3116, 3132, 3145, 3162, 3172, 3187, 3201, 3226, 3254, 3278, 3294, 3314, 3330, 3352, 3365, 3388, 3409, 3435, 3460, 3489, 3520, 3553, 3583, 3615, 3644, 3675, 3710, 3741, 3771, 3807, 3844, 3879, 3912]

Geração: 41
Beta : 0.01173021
Gamma: 0.0459433
Avaliação Beta: 3787.58537
Avaliação Gamma: 1221.04878
NOTA: 399.31046
Número Básico de Reprodução (R0): 0.2553192739746601
Sucetiveis Simulação: [87160, 87144, 87129, 87107, 87080, 87051, 87020, 86998, 86970, 86947, 86924, 86893, 86870, 86844, 86818, 86794, 86759, 86733, 86696, 86669, 86642, 86611, 86580, 86547, 86505, 86463, 86431, 86395, 86359, 86335, 86300, 86261, 86213, 86163, 86121, 86075, 86037, 86009, 85980, 85937, 85884]
Infectados Simulação: [324, 323, 321, 330, 344, 359, 376, 388, 399, 398, 410, 429, 428, 437, 449, 456, 472, 467, 486, 493, 499, 511, 522, 528, 549, 565, 571, 588, 601, 602, 608, 620, 635, 647, 660, 676, 675, 675, 665, 680, 695]
Recuperados Simulação: [3013, 3030, 3047, 3060, 3073, 3087, 3101, 3111, 3128, 3152, 3163, 3175, 3199, 3216, 3230, 3247, 3266, 3297, 3315, 3335, 3356, 3375, 3395, 3422, 3443, 3469, 3495, 3514, 3537, 3560, 3589, 3616, 3649, 3687, 3716, 3746, 3785, 3813, 3852, 3880, 3918]

Geração: 42
Beta : 0.01173021
Gamma: 0.03714565
Avaliação Beta: 2776.21951
Avaliação Gamma: 1603.78049
NOTA: 456.621
Número Básico de Reprodução (R0): 0.3157896012049863
Sucetiveis Simulação: [87160, 87136, 87113, 87087, 87068, 87048, 87028, 87002, 86964, 86940, 86903, 86872, 86850, 86824, 86799, 86780, 86754, 86732, 86700, 86666, 86632, 86598, 86565, 86534, 86505, 86465, 86436, 86402, 86357, 86325, 86302, 86258, 86218, 86178, 86132, 86090, 86041, 86001, 85968, 85923, 85880]
Infectados Simulação: [324, 336, 345, 355, 358, 357, 358, 368, 389, 395, 416, 430, 441, 447, 452, 457, 467, 470, 484, 503, 522, 540, 549, 561, 559, 588, 590, 603, 621, 622, 623, 646, 669, 685, 707, 723, 743, 752, 747, 773, 784]
Recuperados Simulação: [3013, 3025, 3039, 3055, 3071, 3092, 3111, 3127, 3144, 3162, 3178, 3195, 3206, 3226, 3246, 3260, 3276, 3295, 3313, 3328, 3343, 3359, 3383, 3402, 3433, 3444, 3471, 3492, 3519, 3550, 3572, 3593, 3610, 3634, 3658, 3684, 3713, 3744, 3782, 3801, 3833]

Geração: 43
Beta : 0.01173021
Gamma: 0.03812317
Avaliação Beta: 2163.97561
Avaliação Gamma: 1602.92683
NOTA: 530.94022
Número Básico de Reprodução (R0): 0.3076924085798741
Sucetiveis Simulação: [87160, 87145, 87126, 87111, 87090, 87065, 87038, 87006, 86972, 86940, 86905, 86880, 86843, 86806, 86781, 86755, 86725, 86694, 86658, 86619, 86576, 86546, 86502, 86468, 86423, 86398, 86360, 86320, 86282, 86242, 86202, 86172, 86119, 86078, 86030, 85981, 85939, 85896, 85856, 85811, 85771]
Infectados Simulação: [324, 325, 325, 321, 320, 336, 351, 374, 396, 410, 428, 435, 453, 469, 472, 470, 484, 500, 516, 528, 551, 567, 596, 611, 626, 629, 636, 652, 662, 680, 692, 698, 732, 751, 767, 781, 792, 792, 800, 811, 824]
Recuperados Simulação: [3013, 3027, 3046, 3065, 3087, 3096, 3108, 3117, 3129, 3147, 3164, 3182, 3201, 3222, 3244, 3272, 3288, 3303, 3323, 3350, 3370, 3384, 3399, 3418, 3448, 3470, 3501, 3525, 3553, 3575, 3603, 3627, 3646, 3668, 3700, 3735, 3766, 3809, 3841, 3875, 3902]

Geração: 45
Beta : 0.01173021
Gamma: 0.03812317
Avaliação Beta: 1779.43902
Avaliação Gamma: 693.95122
NOTA: 808.60673
Número Básico de Reprodução (R0): 0.3076924085798741
Sucetiveis Simulação: [87160, 87140, 87117, 87092, 87063, 87036, 87010, 86982, 86954, 86930, 86915, 86886, 86859, 86826, 86794, 86763, 86731, 86704, 86677, 86644, 86612, 86579, 86551, 86520, 86481, 86444, 86410, 86379, 86335, 86298, 86263, 86221, 86189, 86151, 86114, 86067, 86016, 85971, 85932, 85881, 85834]
Infectados Simulação: [324, 332, 346, 353, 372, 381, 391, 410, 424, 439, 438, 449, 462, 481, 486, 502, 521, 525, 535, 548, 557, 558, 567, 576, 595, 617, 628, 630, 654, 662, 669, 687, 688, 694, 698, 719, 743, 761, 772, 793, 806]
Recuperados Simulação: [3013, 3025, 3034, 3052, 3062, 3080, 3096, 3105, 3119, 3128, 3144, 3162, 3176, 3190, 3217, 3232, 3245, 3268, 3285, 3305, 3328, 3360, 3379, 3401, 3421, 3436, 3459, 3488, 3508, 3537, 3565, 3589, 3620, 3652, 3685, 3711, 3738, 3765, 3793, 3823, 3857]

Geração: 47
Beta : 0.01173021
Gamma: 0.03714565
Avaliação Beta: 1098.19512
Avaliação Gamma: 993.07317
NOTA: 956.35745
Número Básico de Reprodução (R0): 0.3157896012049863
Sucetiveis Simulação: [87160, 87136, 87119, 87092, 87070, 87046, 87024, 87003, 86975, 86949, 86916, 86885, 86850, 86825, 86785, 86751, 86725, 86697, 86659, 86631, 86595, 86557, 86532, 86494, 86453, 86421, 86384, 86347, 86310, 86274, 86237, 86191, 86157, 86116, 86085, 86053, 86021, 85981, 85943, 85890, 85843]
Infectados Simulação: [324, 335, 336, 352, 362, 375, 385, 388, 397, 411, 429, 442, 457, 462, 490, 498, 504, 516, 532, 550, 564, 581, 582, 597, 599, 611, 621, 630, 638, 655, 672, 697, 703, 714, 710, 706, 718, 728, 738, 762, 779]
Recuperados Simulação: [3013, 3026, 3042, 3053, 3065, 3076, 3088, 3106, 3125, 3137, 3152, 3170, 3190, 3210, 3222, 3248, 3268, 3284, 3306, 3316, 3338, 3359, 3383, 3406, 3445, 3465, 3492, 3520, 3549, 3568, 3588, 3609, 3637, 3667, 3702, 3738, 3758, 3788, 3816, 3845, 3875]

Geração: 77
Beta : 0.01173021
Gamma: 0.03812317
Avaliação Beta: 1119.60976
Avaliação Gamma: 618.7561
NOTA: 1150.5058
Número Básico de Reprodução (R0): 0.3076924085798741
Sucetiveis Simulação: [87160, 87143, 87122, 87098, 87073, 87046, 87025, 86996, 86967, 86940, 86918, 86885, 86858, 86818, 86790, 86760, 86723, 86695, 86669, 86642, 86610, 86576, 86540, 86500, 86468, 86429, 86399, 86372, 86336, 86307, 86266, 86234, 86211, 86167, 86119, 86075, 86033, 85985, 85949, 85911, 85864]
Infectados Simulação: [324, 329, 339, 352, 367, 380, 390, 401, 419, 425, 433, 447, 458, 482, 497, 506, 529, 538, 543, 547, 568, 575, 596, 613, 615, 630, 634, 638, 655, 660, 666, 672, 663, 675, 703, 719, 727, 750, 755, 760, 772]
Recuperados Simulação: [3013, 3025, 3036, 3047, 3057, 3071, 3082, 3100, 3111, 3132, 3146, 3165, 3181, 3197, 3210, 3231, 3245, 3264, 3285, 3308, 3319, 3346, 3361, 3384, 3414, 3438, 3464, 3487, 3506, 3530, 3565, 3591, 3623, 3655, 3675, 3703, 3737, 3762, 3793, 3826, 3861]

Geração: 206
Beta : 0.01173021
Gamma: 0.0400782
Avaliação Beta: 934.04878
Avaliação Gamma: 461.58537
NOTA: 1433.04031
Número Básico de Reprodução (R0): 0.2926830546282018
Sucetiveis Simulação: [87160, 87140, 87126, 87102, 87080, 87056, 87029, 87005, 86977, 86942, 86904, 86875, 86845, 86806, 86780, 86757, 86731, 86700, 86668, 86639, 86610, 86572, 86538, 86501, 86469, 86436, 86401, 86372, 86332, 86286, 86243, 86212, 86166, 86134, 86089, 86049, 85995, 85957, 85922, 85876, 85835]
Infectados Simulação: [324, 326, 332, 347, 356, 360, 375, 388, 403, 419, 443, 458, 473, 489, 505, 511, 516, 532, 538, 553, 554, 573, 591, 610, 619, 631, 640, 641, 648, 668, 676, 675, 684, 688, 698, 712, 736, 748, 745, 758, 763]
Recuperados Simulação: [3013, 3031, 3039, 3048, 3061, 3081, 3093, 3104, 3117, 3136, 3150, 3164, 3179, 3202, 3212, 3229, 3250, 3265, 3291, 3305, 3333, 3352, 3368, 3386, 3409, 3430, 3456, 3484, 3517, 3543, 3578, 3610, 3647, 3675, 3710, 3736, 3766, 3792, 3830, 3863, 3899]


Melhor Solução Encontrada:
Geração: 206
Beta : 0.01173021
Gamma: 0.0400782
Avaliação Beta: 934.04878
Avaliação Gamma: 461.58537
NOTA: 1433.04031
Sucetiveis Simulação: [87160, 87140, 87126, 87102, 87080, 87056, 87029, 87005, 86977, 86942, 86904, 86875, 86845, 86806, 86780, 86757, 86731, 86700, 86668, 86639, 86610, 86572, 86538, 86501, 86469, 86436, 86401, 86372, 86332, 86286, 86243, 86212, 86166, 86134, 86089, 86049, 85995, 85957, 85922, 85876, 85835]
Infectados Simulação: [324, 326, 332, 347, 356, 360, 375, 388, 403, 419, 443, 458, 473, 489, 505, 511, 516, 532, 538, 553, 554, 573, 591, 610, 619, 631, 640, 641, 648, 668, 676, 675, 684, 688, 698, 712, 736, 748, 745, 758, 763]
Recuperados Simulação: [3013, 3031, 3039, 3048, 3061, 3081, 3093, 3104, 3117, 3136, 3150, 3164, 3179, 3202, 3212, 3229, 3250, 3265, 3291, 3305, 3333, 3352, 3368, 3386, 3409, 3430, 3456, 3484, 3517, 3543, 3578, 3610, 3647, 3675, 3710, 3736, 3766, 3792, 3830, 3863, 3899]

Tempo de Execução: 24788.471322774887 segundos