5
9
10
13
6
6
1
5
9
7
5
10
3
6
1
10
16
7
10
9
2
1
5
10
7
8
6
0
6
2
3
6
6
5
2
1
6
5
3
3
2
1
5
1
1
4
3
9
1
2
7
5
4
3
4
3
5
2
3
3
5
6
3
4
2
5
4
3
5
5
1
3
7
9
7
10
3
1
6
7
11
3
8
23
9
7
8
5
16
4
3
12
8
5
10
2
4
4
2
6
7
3
4
1
5
4
1
2
9
3
3
5
1
1
4
2
3
3
2
1
1
-1
9
2
2
2
2
2
4
1
2
1
3
1
1
3
12
7
14
0
8
7
10
30
16
9
15
9
29
15
10
46
15
11
45
17
28
20
30
11
29
15
20
20
47
50
7
11
27
46
34
27
43
19
21
0
58
71
58
0
28
15
28
61
26
13
51
18
7
44
0
56
27
29
0
24
0
69
33
26
19
16
11
18
30
30
16
44
38
6
32
45
59
30
24
23
2
29
9
24
0
25
8
4
5
4
10
17
13
8
4
10
17
12
24
12
10
3
8
22
7
12
11
18
11
10
4
12
12
22
0
23
9
28
12
32
14
0
33
19
22
24
35
16
47
21
0
38
53
28
35
19
18
30
83
56
22
32
35
24
29
42
54
35
40
35
17
51
0
53
52
0
67
25
50
0
70
35
37
42
19
36
67
34
46
26
56
1
0
43
82
23
55
0
48
55
0
99
34
23
0
77
42
40
62
77
59
0
51
73
53
73
104
0
116
0
38
47
48
55
19
0
45
58
0
156
60
38
42
38
36
40
51
39
54
57
34
52
48
43
51
28
39
0
64
38
41
22
0
0
58
27
37
30
33
28
0
30
19
15
16
23
15
0
20
23
24
14
7
0
0
41
22
26
21
13
12
0
16
0
27
20
20
9
0
33
10
15
16
13
13
0
20
18
17
25
18
31
0
58
30
25
17
27
21
0
32
33
20
10
24
14
0
17
11
15
23
16
0
0
44
12