74
75
76
76
77
77
78
79
81
85
90
90
90
90
90
216
224
225
227
227
227
235
257
262
274
296
296
296
301
305
319
328
332
340
340
343
347
352
359
363
364
364
371
375
379
383
386
389
389
391
392
396
396
401
401
401
409
412
416
422
435
435
435
437
442
449
453
466
466
466
466
471
473
490
490
490
490
497
502
508
513
513
513
513
533
540
540
548
549
552
552
568
576
580
593
622
623
623
644
654
665
674
678
678
678
678
695
698
701
703
709
709
721
724
724
730
735
735
735
746
750
746
759
763
763
763
766
767
773
777
785
793
801
809
809
813
813
815
815
815
815
824
834
835
835
836
837
843
852
868
871
879
880
886
903
923
944
969
995
1008
1037
1064
1090
1105
1124
1137
1139
1139
1160
1160
1160
1160
1188
1208
1238
1238
1278
1293
1333
1333
1379
1386
1436
1447
1472
1518
1518
1552
1570
1597
1597
1662
1682
1716
1716
1808
1808
1875
1888
1938
1956
1963
2007
2046
2063
2090
2090
2090
2102
2131
2153
2200
2200
2233
2259
2278
2294
2305
2323
2352
2352
2398
2441
2447
2453
2486
2517
2562
2621
2649
2671
2694
2696
2725
2734
2758
2772
2783
2791
2795
2800
2804
2814
2831
2844
2852
2856
2866
2883
2895
2895
2931
2940
2943
2950
2979
2979
2979
3000
3018
3029
3039
3043
3055
3067
3079
3079
3115
3124
3133
3161
3173
3187
3219
3240
3250
3271
3293
3315
3339
3374
3391
3438
3459
3474
3497
3525
3578
3578
3632
3650
3650
3763
3818
3840
3840
3906
3930
3957
3999
4053
4088
4123
4140
4180
4231
4284
4284
4284
4336
4403
4428
4478
4478
4548
4583
4583
4662
4681
4717
4717
4818
4864
4890
4923
4947
4971
4971
4971
5094
5149
5172
5197
5197
5351
5351
5385
5408
5451
5485
5527
5527
5629
5706
5706
5794
5823
5845
5918
5971
6044
6148
6207
6244
6264
6348
6348
6396
6451
6470
6497
6515
6573
6573
6729
6789
6827
6869
6869
6869
6982
7033
7072
7125
7182
7216
7216
7316
7359
7409
7437
7476
7503
7503
7578
7616
7638
7665
7684
7684
7684
7758
7787
7818
7844
7863
7873
7873
7905
7905
7943
7958
7968
7978
7978
8020
8033
8040
8054
8064
8081
8081
8126
8147
8160
8172
8183
8188
8188
8214
8233
8253
8262
8277
8295
8295
8320
8336
8348
8361
8372
8399
8399
8416
8441
8459
8490
8532
8532
8532
8599
8616