########################################
            Configuração AG
########################################

Tamanho População: 20
Número de Gerações: 300
Bits Cromossomo: 10
Dias: 41
Taxa de Mutação: 0.05
Quantidade de nós: 90497
Nós infectados: [16245, 19088, 7457, 2616, 29012, 1634, 67593, 22020, 11111, 65121, 78250, 89711, 23313, 87947, 89136, 7487, 79754, 71510, 10255, 7637, 13663, 64985, 90477, 60136, 45569, 76128, 8659, 65770, 48933, 16446, 23295, 8358, 38109, 54898, 9304, 4376, 60674, 48619, 83876, 48068, 33299, 88286, 71609, 22032, 46654, 9538, 32317, 73810, 38877, 370, 24283, 30240, 51811, 20681, 72500, 32356, 36018, 42467, 78153, 55501, 26908, 62386, 88846, 15054, 23132, 83021, 52020, 58718, 31693, 18684, 72257, 38462, 78031, 58638, 47428, 15181, 15059, 3283, 35404, 45148, 88693, 26153, 29939, 57826, 83796, 15700, 64809, 65, 41348, 34956, 58172, 46364, 9128, 10701, 57601, 11240, 34466, 89941, 58541, 75220, 76710, 34199, 17320, 17055, 66697, 36164, 67023, 26926, 64790, 51176, 36730, 54279, 2201, 71985, 87306, 76748, 78965, 87907, 52715, 31172, 25731, 49487, 16925, 54004, 87034, 90258, 24982, 7607, 45486, 37599, 57677, 89039, 13611, 77552, 42645, 37106, 29129, 16388, 42901, 44709, 8237, 84684, 53260, 63050, 16356, 3914, 4301, 74939, 90417, 53042, 40774, 41116, 28534, 83401, 7153, 6046, 16904, 8889, 40184, 39488, 75397, 48189, 5241, 90310, 29033, 76892, 60846, 12500, 87514, 26652, 62446, 22451, 84159, 49612, 64563, 10082, 11845, 25883, 72028, 68956, 5563, 49366, 55344, 73010, 49325, 47368, 76678, 83105, 58423, 62893, 59485, 55070, 80044, 76408, 49016, 39459, 3948, 61407, 13855, 87296, 85672, 45110, 64032, 26949, 77603, 83731, 53861, 89787, 22239, 62155, 58545, 16028, 88522, 23822, 67557, 25374, 82145, 10449, 32750, 33827, 32935, 5178, 84825, 30525, 64886, 71673, 67104, 67078, 10615, 29691, 67588, 39371, 36410, 63807, 50414, 48701, 20143, 82017, 84384, 55920, 32107, 54456, 68954, 15627, 10406, 124, 12931, 18302, 26856, 27096, 62945, 26884, 71038, 39895, 55072, 88628, 44435, 18506, 38714, 86712, 46034, 14249, 87569, 83048, 71800, 59979, 44328, 22916, 75865, 82366, 71321, 19034, 52955, 59096, 66003, 1512, 12250, 70997, 71183, 7791, 14049, 7786, 63448, 5594, 43102, 88876, 50402, 86365, 80458, 48991, 67431, 18284, 77443, 89520, 64597, 5158, 3811, 22144, 40422, 20331, 65182, 64899, 9191, 2043, 37501, 87305, 11319, 63557, 56960, 11410, 30473, 58759, 89881, 7753, 34136, 84690, 56218, 68902, 86050, 12381, 12519, 83543, 74170, 79196]
Probabilidae de criação de aresta: 7e-05
Nome do arquivo de amostra: dados_sjdr_12_03_2021__22_04_2021.csv
Grau médio dos nós: 6.335149231466237

########################################
     Evolução da solução encontrada
########################################

Geração: 1
Beta : 0.03616813
Gamma: 0.5259042
Avaliação Beta: 316899.29268
Avaliação Gamma: 67811.97561
NOTA: 5.1987
Número Básico de Reprodução (R0): 0.0687732290405743
Sucetiveis Simulação: [87160, 87102, 87068, 87038, 87025, 87009, 87001, 86994, 86990, 86989, 86987, 86986, 86985, 86984, 86983, 86982, 86982, 86982, 86981, 86979, 86979, 86977, 86977, 86976, 86976, 86976, 86976, 86976, 86976, 86976, 86976, 86976, 86976, 86976, 86976, 86976, 86976, 86976, 86976, 86976, 86976]
Infectados Simulação: [324, 217, 137, 75, 54, 42, 27, 18, 12, 6, 5, 5, 3, 1, 1, 1, 1, 1, 2, 3, 2, 4, 3, 1, 0, 0, 0, 0, 0, 0, 0, 0, 0, 0, 0, 0, 0, 0, 0, 0, 0]
Recuperados Simulação: [3013, 3178, 3292, 3384, 3418, 3446, 3469, 3485, 3495, 3502, 3505, 3506, 3509, 3512, 3513, 3514, 3514, 3514, 3514, 3515, 3516, 3516, 3517, 3520, 3521, 3521, 3521, 3521, 3521, 3521, 3521, 3521, 3521, 3521, 3521, 3521, 3521, 3521, 3521, 3521, 3521]

Geração: 2
Beta : 0.00684262
Gamma: 0.26001955
Avaliação Beta: 310699.53659
Avaliação Gamma: 52944.19512
NOTA: 5.49989
Número Básico de Reprodução (R0): 0.02631579048575386
Sucetiveis Simulação: [87160, 87146, 87138, 87135, 87130, 87126, 87125, 87124, 87120, 87116, 87115, 87115, 87115, 87114, 87114, 87114, 87114, 87114, 87114, 87114, 87114, 87114, 87114, 87114, 87114, 87114, 87114, 87114, 87114, 87114, 87114, 87114, 87114, 87114, 87114, 87114, 87114, 87114, 87114, 87114, 87114]
Infectados Simulação: [324, 243, 178, 137, 102, 82, 63, 50, 40, 33, 22, 18, 17, 13, 8, 8, 6, 4, 2, 2, 2, 2, 2, 2, 1, 0, 0, 0, 0, 0, 0, 0, 0, 0, 0, 0, 0, 0, 0, 0, 0]
Recuperados Simulação: [3013, 3108, 3181, 3225, 3265, 3289, 3309, 3323, 3337, 3348, 3360, 3364, 3365, 3370, 3375, 3375, 3377, 3379, 3381, 3381, 3381, 3381, 3381, 3381, 3382, 3383, 3383, 3383, 3383, 3383, 3383, 3383, 3383, 3383, 3383, 3383, 3383, 3383, 3383, 3383, 3383]

Geração: 8
Beta : 0.00488759
Gamma: 0.15151515
Avaliação Beta: 287158.87805
Avaliação Gamma: 39059.21951
NOTA: 6.13087
Número Básico de Reprodução (R0): 0.03225809432258094
Sucetiveis Simulação: [87160, 87149, 87139, 87133, 87127, 87120, 87116, 87109, 87107, 87105, 87101, 87094, 87093, 87090, 87089, 87086, 87085, 87083, 87083, 87081, 87080, 87080, 87078, 87078, 87078, 87076, 87075, 87075, 87074, 87073, 87072, 87072, 87071, 87071, 87071, 87071, 87071, 87071, 87071, 87071, 87071]
Infectados Simulação: [324, 287, 241, 209, 177, 164, 148, 136, 116, 103, 94, 87, 76, 65, 54, 48, 41, 35, 30, 31, 27, 24, 20, 18, 14, 14, 13, 12, 10, 9, 8, 7, 7, 5, 5, 4, 2, 2, 2, 1, 0]
Recuperados Simulação: [3013, 3061, 3117, 3155, 3193, 3213, 3233, 3252, 3274, 3289, 3302, 3316, 3328, 3342, 3354, 3363, 3371, 3379, 3384, 3385, 3390, 3393, 3399, 3401, 3405, 3407, 3409, 3410, 3413, 3415, 3417, 3418, 3419, 3421, 3421, 3422, 3424, 3424, 3424, 3425, 3426]

Geração: 11
Beta : 0.00097752
Gamma: 0.04203324
Avaliação Beta: 193358.87805
Avaliação Gamma: 63927.43902
NOTA: 7.77344
Número Básico de Reprodução (R0): 0.023255880346126065
Sucetiveis Simulação: [87160, 87158, 87157, 87155, 87155, 87153, 87151, 87151, 87149, 87147, 87146, 87145, 87144, 87141, 87140, 87137, 87136, 87135, 87133, 87132, 87130, 87129, 87126, 87125, 87125, 87124, 87123, 87123, 87123, 87123, 87123, 87120, 87119, 87119, 87119, 87119, 87119, 87119, 87119, 87119, 87118]
Infectados Simulação: [324, 313, 300, 287, 275, 268, 261, 251, 245, 240, 230, 222, 213, 211, 197, 191, 182, 177, 165, 161, 152, 146, 144, 139, 133, 132, 124, 118, 112, 109, 107, 106, 100, 96, 92, 87, 85, 83, 79, 72, 71]
Recuperados Simulação: [3013, 3026, 3040, 3055, 3067, 3076, 3085, 3095, 3103, 3110, 3121, 3130, 3140, 3145, 3160, 3169, 3179, 3185, 3199, 3204, 3215, 3222, 3227, 3233, 3239, 3241, 3250, 3256, 3262, 3265, 3267, 3271, 3278, 3282, 3286, 3291, 3293, 3295, 3299, 3306, 3308]

Geração: 14
Beta : 0.01759531
Gamma: 0.12805474
Avaliação Beta: 188223.14634
Avaliação Gamma: 54491.5122
NOTA: 8.24013
Número Básico de Reprodução (R0): 0.13740459744012598
Sucetiveis Simulação: [87160, 87133, 87096, 87062, 87033, 87000, 86980, 86955, 86929, 86905, 86889, 86870, 86843, 86818, 86795, 86777, 86758, 86739, 86722, 86707, 86689, 86673, 86664, 86653, 86645, 86638, 86625, 86614, 86602, 86593, 86584, 86572, 86565, 86554, 86541, 86530, 86522, 86514, 86507, 86498, 86491]
Infectados Simulação: [324, 313, 322, 317, 299, 303, 281, 273, 278, 264, 238, 235, 230, 229, 222, 214, 205, 201, 191, 176, 168, 163, 141, 134, 129, 126, 125, 120, 121, 108, 109, 106, 98, 92, 90, 86, 90, 89, 88, 82, 77]
Recuperados Simulação: [3013, 3051, 3079, 3118, 3165, 3194, 3236, 3269, 3290, 3328, 3370, 3392, 3424, 3450, 3480, 3506, 3534, 3557, 3584, 3614, 3640, 3661, 3692, 3710, 3723, 3733, 3747, 3763, 3774, 3796, 3804, 3819, 3834, 3851, 3866, 3881, 3885, 3894, 3902, 3917, 3929]

Geração: 17
Beta : 0.01857283
Gamma: 0.10459433
Avaliação Beta: 91660.4878
Avaliação Gamma: 94817.82927
NOTA: 10.72511
Número Básico de Reprodução (R0): 0.17757014170844632
Sucetiveis Simulação: [87160, 87132, 87094, 87065, 87030, 87001, 86976, 86940, 86911, 86890, 86857, 86822, 86784, 86753, 86724, 86701, 86676, 86646, 86617, 86585, 86552, 86520, 86484, 86455, 86431, 86403, 86376, 86343, 86314, 86294, 86261, 86228, 86201, 86170, 86142, 86109, 86076, 86054, 86026, 86002, 85968]
Infectados Simulação: [324, 317, 318, 314, 315, 311, 304, 319, 311, 304, 302, 314, 318, 310, 304, 291, 288, 290, 289, 289, 288, 297, 303, 295, 290, 285, 278, 278, 283, 271, 279, 288, 281, 283, 284, 281, 286, 278, 281, 266, 275]
Recuperados Simulação: [3013, 3048, 3085, 3118, 3152, 3185, 3217, 3238, 3275, 3303, 3338, 3361, 3395, 3434, 3469, 3505, 3533, 3561, 3591, 3623, 3657, 3680, 3710, 3747, 3776, 3809, 3843, 3876, 3900, 3932, 3957, 3981, 4015, 4044, 4071, 4107, 4135, 4165, 4190, 4229, 4254]

Geração: 18
Beta : 0.00293255
Gamma: 0.01466276
Avaliação Beta: 76121.7561
Avaliação Gamma: 107930.4878
NOTA: 10.86648
Número Básico de Reprodução (R0): 0.19999986360003164
Sucetiveis Simulação: [87160, 87154, 87150, 87144, 87143, 87137, 87134, 87129, 87122, 87120, 87115, 87109, 87104, 87100, 87095, 87083, 87077, 87071, 87067, 87065, 87059, 87057, 87054, 87051, 87049, 87044, 87040, 87034, 87031, 87024, 87020, 87016, 87014, 87008, 87001, 86994, 86991, 86989, 86981, 86978, 86974]
Infectados Simulação: [324, 326, 322, 323, 317, 317, 315, 315, 314, 309, 308, 309, 309, 312, 315, 317, 316, 320, 317, 315, 318, 315, 315, 314, 312, 310, 312, 313, 312, 318, 318, 320, 317, 321, 324, 327, 326, 325, 327, 322, 322]
Recuperados Simulação: [3013, 3017, 3025, 3030, 3037, 3043, 3048, 3053, 3061, 3068, 3074, 3079, 3084, 3085, 3087, 3097, 3104, 3106, 3113, 3117, 3120, 3125, 3128, 3132, 3136, 3143, 3145, 3150, 3154, 3155, 3159, 3161, 3166, 3168, 3172, 3176, 3180, 3183, 3189, 3197, 3201]

Geração: 63
Beta : 0.01466276
Gamma: 0.04301075
Avaliação Beta: 83370.31707
Avaliação Gamma: 48464.2439
NOTA: 15.17053
Número Básico de Reprodução (R0): 0.34090919130682446
Sucetiveis Simulação: [87160, 87127, 87096, 87057, 87018, 86983, 86945, 86907, 86858, 86822, 86777, 86747, 86695, 86659, 86621, 86569, 86510, 86461, 86408, 86352, 86295, 86239, 86170, 86110, 86051, 85976, 85913, 85860, 85799, 85718, 85635, 85556, 85490, 85406, 85318, 85230, 85135, 85044, 84961, 84866, 84771]
Infectados Simulação: [324, 338, 357, 385, 412, 429, 444, 459, 492, 498, 522, 526, 550, 566, 584, 612, 649, 659, 681, 710, 734, 763, 804, 822, 849, 890, 910, 932, 943, 987, 1022, 1062, 1070, 1111, 1153, 1185, 1226, 1267, 1297, 1335, 1380]
Recuperados Simulação: [3013, 3032, 3044, 3055, 3067, 3085, 3108, 3131, 3147, 3177, 3198, 3224, 3252, 3272, 3292, 3316, 3338, 3377, 3408, 3435, 3468, 3495, 3523, 3565, 3597, 3631, 3674, 3705, 3755, 3792, 3840, 3879, 3937, 3980, 4026, 4082, 4136, 4186, 4239, 4296, 4346]

Geração: 119
Beta : 0.01466276
Gamma: 0.0742913
Avaliação Beta: 52659.82927
Avaliação Gamma: 32761.21951
NOTA: 23.41343
Número Básico de Reprodução (R0): 0.19736846710180062
Sucetiveis Simulação: [87160, 87129, 87103, 87069, 87047, 87021, 86988, 86961, 86938, 86913, 86884, 86856, 86826, 86797, 86772, 86740, 86715, 86690, 86668, 86631, 86600, 86565, 86539, 86514, 86483, 86460, 86436, 86407, 86384, 86353, 86326, 86303, 86267, 86228, 86202, 86178, 86154, 86127, 86103, 86085, 86061]
Infectados Simulação: [324, 331, 335, 337, 336, 336, 356, 362, 358, 357, 362, 372, 383, 387, 386, 388, 378, 376, 366, 368, 369, 385, 383, 378, 379, 376, 372, 376, 368, 367, 364, 365, 371, 387, 381, 373, 375, 377, 369, 362, 360]
Recuperados Simulação: [3013, 3037, 3059, 3091, 3114, 3140, 3153, 3174, 3201, 3227, 3251, 3269, 3288, 3313, 3339, 3369, 3404, 3431, 3463, 3498, 3528, 3547, 3575, 3605, 3635, 3661, 3689, 3714, 3745, 3777, 3807, 3829, 3859, 3882, 3914, 3946, 3968, 3993, 4025, 4050, 4076]

Geração: 120
Beta : 0.00879765
Gamma: 0.02932551
Avaliação Beta: 2581.90244
Avaliação Gamma: 15214.53659
NOTA: 112.38203
Número Básico de Reprodução (R0): 0.29999989769998886
Sucetiveis Simulação: [87160, 87147, 87125, 87109, 87091, 87068, 87047, 87024, 87001, 86983, 86966, 86942, 86917, 86893, 86867, 86841, 86808, 86784, 86764, 86743, 86716, 86691, 86661, 86648, 86621, 86589, 86563, 86538, 86498, 86481, 86461, 86423, 86394, 86364, 86330, 86288, 86264, 86229, 86192, 86169, 86134]
Infectados Simulação: [324, 329, 344, 353, 359, 370, 380, 396, 407, 411, 415, 430, 445, 458, 469, 478, 502, 512, 517, 520, 530, 541, 554, 551, 559, 570, 580, 593, 623, 616, 616, 630, 639, 652, 677, 689, 693, 706, 725, 726, 737]
Recuperados Simulação: [3013, 3021, 3028, 3035, 3047, 3059, 3070, 3077, 3089, 3103, 3116, 3125, 3135, 3146, 3161, 3178, 3187, 3201, 3216, 3234, 3251, 3265, 3282, 3298, 3317, 3338, 3354, 3366, 3376, 3400, 3420, 3444, 3464, 3481, 3490, 3520, 3540, 3562, 3580, 3602, 3626]

Geração: 121
Beta : 0.01075269
Gamma: 0.03030303
Avaliação Beta: 10903.58537
Avaliação Gamma: 4714.19512
NOTA: 128.05917
Número Básico de Reprodução (R0): 0.3548387735483877
Sucetiveis Simulação: [87160, 87141, 87115, 87095, 87067, 87052, 87033, 87009, 86982, 86962, 86943, 86910, 86889, 86866, 86834, 86800, 86760, 86734, 86696, 86665, 86628, 86587, 86548, 86506, 86468, 86438, 86396, 86354, 86314, 86259, 86217, 86179, 86133, 86087, 86032, 85995, 85941, 85897, 85849, 85798, 85760]
Infectados Simulação: [324, 338, 356, 363, 380, 385, 393, 408, 418, 428, 439, 457, 461, 472, 491, 509, 532, 537, 561, 574, 599, 620, 641, 666, 687, 700, 718, 736, 760, 779, 796, 803, 818, 841, 868, 872, 907, 926, 951, 975, 978]
Recuperados Simulação: [3013, 3018, 3026, 3039, 3050, 3060, 3071, 3080, 3097, 3107, 3115, 3130, 3147, 3159, 3172, 3188, 3205, 3226, 3240, 3258, 3270, 3290, 3308, 3325, 3342, 3359, 3383, 3407, 3423, 3459, 3484, 3515, 3546, 3569, 3597, 3630, 3649, 3674, 3697, 3724, 3759]

Geração: 122
Beta : 0.00977517
Gamma: 0.03030303
Avaliação Beta: 2562.58537
Avaliação Gamma: 6807.95122
NOTA: 213.43495
Número Básico de Reprodução (R0): 0.3225806132258061
Sucetiveis Simulação: [87160, 87142, 87125, 87107, 87081, 87063, 87039, 87019, 86990, 86966, 86937, 86915, 86892, 86858, 86831, 86799, 86778, 86743, 86716, 86682, 86655, 86637, 86613, 86589, 86548, 86509, 86467, 86433, 86395, 86359, 86321, 86284, 86244, 86205, 86171, 86135, 86102, 86064, 86024, 85979, 85939]
Infectados Simulação: [324, 332, 339, 351, 370, 377, 388, 396, 412, 420, 440, 450, 452, 469, 480, 497, 501, 520, 537, 554, 560, 568, 566, 578, 602, 622, 643, 660, 680, 691, 702, 719, 736, 748, 759, 771, 780, 794, 809, 831, 850]
Recuperados Simulação: [3013, 3023, 3033, 3039, 3046, 3057, 3070, 3082, 3095, 3111, 3120, 3132, 3153, 3170, 3186, 3201, 3218, 3234, 3244, 3261, 3282, 3292, 3318, 3330, 3347, 3366, 3387, 3404, 3422, 3447, 3474, 3494, 3517, 3544, 3567, 3591, 3615, 3639, 3664, 3687, 3708]

Geração: 123
Beta : 0.00977517
Gamma: 0.03030303
Avaliação Beta: 2070.04878
Avaliação Gamma: 6984.29268
NOTA: 220.88851
Número Básico de Reprodução (R0): 0.3225806132258061
Sucetiveis Simulação: [87160, 87131, 87114, 87091, 87070, 87047, 87020, 87004, 86979, 86959, 86939, 86921, 86898, 86872, 86858, 86831, 86800, 86760, 86737, 86709, 86681, 86653, 86620, 86588, 86553, 86513, 86478, 86446, 86417, 86380, 86354, 86328, 86289, 86252, 86214, 86189, 86146, 86116, 86075, 86020, 85988]
Infectados Simulação: [324, 337, 343, 350, 360, 368, 388, 394, 405, 413, 425, 431, 446, 456, 459, 467, 484, 507, 510, 526, 538, 547, 557, 573, 592, 606, 625, 635, 640, 655, 665, 670, 688, 705, 728, 727, 750, 759, 769, 797, 805]
Recuperados Simulação: [3013, 3029, 3040, 3056, 3067, 3082, 3089, 3099, 3113, 3125, 3133, 3145, 3153, 3169, 3180, 3199, 3213, 3230, 3250, 3262, 3278, 3297, 3320, 3336, 3352, 3378, 3394, 3416, 3440, 3462, 3478, 3499, 3520, 3540, 3555, 3581, 3601, 3622, 3653, 3680, 3704]

Geração: 127
Beta : 0.00977517
Gamma: 0.03030303
Avaliação Beta: 2385.97561
Avaliação Gamma: 6462.36585
NOTA: 226.03106
Número Básico de Reprodução (R0): 0.3225806132258061
Sucetiveis Simulação: [87160, 87139, 87116, 87094, 87074, 87057, 87033, 87012, 86991, 86972, 86942, 86919, 86886, 86858, 86811, 86783, 86755, 86723, 86699, 86669, 86635, 86604, 86574, 86542, 86511, 86474, 86450, 86414, 86387, 86361, 86320, 86287, 86255, 86217, 86180, 86142, 86108, 86056, 86018, 85974, 85934]
Infectados Simulação: [324, 337, 347, 358, 371, 383, 397, 404, 417, 425, 438, 449, 467, 482, 516, 526, 540, 557, 564, 570, 585, 595, 605, 620, 627, 642, 647, 661, 670, 678, 698, 705, 722, 730, 754, 769, 775, 800, 816, 835, 847]
Recuperados Simulação: [3013, 3021, 3034, 3045, 3052, 3057, 3067, 3081, 3089, 3100, 3117, 3129, 3144, 3157, 3170, 3188, 3202, 3217, 3234, 3258, 3277, 3298, 3318, 3335, 3359, 3381, 3400, 3422, 3440, 3458, 3479, 3505, 3520, 3550, 3563, 3586, 3614, 3641, 3663, 3688, 3716]

Geração: 134
Beta : 0.00977517
Gamma: 0.03030303
Avaliação Beta: 1738.0
Avaliação Gamma: 3841.39024
NOTA: 358.46211
Número Básico de Reprodução (R0): 0.3225806132258061
Sucetiveis Simulação: [87160, 87136, 87116, 87087, 87066, 87049, 87024, 87003, 86973, 86945, 86922, 86894, 86871, 86851, 86819, 86785, 86756, 86725, 86690, 86662, 86629, 86598, 86550, 86523, 86489, 86459, 86425, 86394, 86362, 86324, 86291, 86265, 86234, 86199, 86172, 86138, 86097, 86049, 86008, 85962, 85911]
Infectados Simulação: [324, 336, 349, 369, 376, 376, 390, 397, 416, 427, 432, 445, 454, 463, 486, 506, 523, 542, 565, 573, 586, 592, 620, 623, 635, 637, 655, 660, 671, 691, 700, 703, 706, 714, 722, 728, 751, 783, 798, 813, 835]
Recuperados Simulação: [3013, 3025, 3032, 3041, 3055, 3072, 3083, 3097, 3108, 3125, 3143, 3158, 3172, 3183, 3192, 3206, 3218, 3230, 3242, 3262, 3282, 3307, 3327, 3351, 3373, 3401, 3417, 3443, 3464, 3482, 3506, 3529, 3557, 3584, 3603, 3631, 3649, 3665, 3691, 3722, 3751]

Geração: 249
Beta : 0.01075269
Gamma: 0.03030303
Avaliação Beta: 2473.87805
Avaliação Gamma: 2990.90244
NOTA: 365.97993
Número Básico de Reprodução (R0): 0.3548387735483877
Sucetiveis Simulação: [87160, 87140, 87123, 87101, 87068, 87047, 87030, 87010, 86983, 86953, 86924, 86893, 86863, 86836, 86813, 86792, 86772, 86741, 86699, 86663, 86626, 86596, 86570, 86545, 86506, 86473, 86435, 86393, 86356, 86307, 86261, 86223, 86194, 86157, 86128, 86073, 86033, 85984, 85952, 85924, 85889]
Infectados Simulação: [324, 331, 341, 350, 370, 371, 374, 385, 393, 412, 423, 441, 461, 476, 486, 494, 500, 517, 547, 569, 583, 595, 597, 603, 621, 633, 643, 661, 682, 705, 734, 740, 744, 754, 760, 783, 798, 826, 822, 824, 838]
Recuperados Simulação: [3013, 3026, 3033, 3046, 3059, 3079, 3093, 3102, 3121, 3132, 3150, 3163, 3173, 3185, 3198, 3211, 3225, 3239, 3251, 3265, 3288, 3306, 3330, 3349, 3370, 3391, 3419, 3443, 3459, 3485, 3502, 3534, 3559, 3586, 3609, 3641, 3666, 3687, 3723, 3749, 3770]


Melhor Solução Encontrada:
Geração: 249
Beta : 0.01075269
Gamma: 0.03030303
Avaliação Beta: 2473.87805
Avaliação Gamma: 2990.90244
NOTA: 365.97993
Sucetiveis Simulação: [87160, 87140, 87123, 87101, 87068, 87047, 87030, 87010, 86983, 86953, 86924, 86893, 86863, 86836, 86813, 86792, 86772, 86741, 86699, 86663, 86626, 86596, 86570, 86545, 86506, 86473, 86435, 86393, 86356, 86307, 86261, 86223, 86194, 86157, 86128, 86073, 86033, 85984, 85952, 85924, 85889]
Infectados Simulação: [324, 331, 341, 350, 370, 371, 374, 385, 393, 412, 423, 441, 461, 476, 486, 494, 500, 517, 547, 569, 583, 595, 597, 603, 621, 633, 643, 661, 682, 705, 734, 740, 744, 754, 760, 783, 798, 826, 822, 824, 838]
Recuperados Simulação: [3013, 3026, 3033, 3046, 3059, 3079, 3093, 3102, 3121, 3132, 3150, 3163, 3173, 3185, 3198, 3211, 3225, 3239, 3251, 3265, 3288, 3306, 3330, 3349, 3370, 3391, 3419, 3443, 3459, 3485, 3502, 3534, 3559, 3586, 3609, 3641, 3666, 3687, 3723, 3749, 3770]

Tempo de Execução: 25189.667420625687 segundos